date,cumulative_ios_downloads_canada,cumulative_android_downloads_canada,cumulative_total_downloads_canada,daily_ios_downloads_canada,daily_android_downloads_canada,daily_total_downloads_canada
2020-07-30,189,"1,909","2,098",189,"1,909","2,098"
2020-07-31,"326,519","262,575","589,094","326,330","260,666","586,996"
2020-08-01,"630,961","386,470","1,017,431","304,442","123,895","428,337"
2020-08-02,"759,283","436,716","1,195,999","128,322","50,246","178,568"
2020-08-03,"835,095","483,562","1,318,657","75,812","46,846","122,658"
2020-08-04,"915,198","533,321","1,448,519","80,103","49,759","129,862"
2020-08-05,"991,188","566,183","1,557,371","75,990","32,862","108,852"
2020-08-06,"1,050,450","606,189","1,656,639","59,262","40,006","99,268"
2020-08-07,"1,083,421","623,766","1,707,187","32,971","17,577","50,548"
2020-08-08,"1,111,438","641,699","1,753,137","28,017","17,933","45,950"
2020-08-09,"1,134,273","656,261","1,790,534","22,835","14,562","37,397"
2020-08-10,"1,157,652","670,518","1,828,170","23,379","14,257","37,636"
2020-08-11,"1,180,279","685,600","1,865,879","22,627","15,082","37,709"
2020-08-12,"1,202,590","700,276","1,902,866","22,311","14,676","36,987"
2020-08-13,"1,228,471","717,199","1,945,670","25,881","16,923","42,804"
2020-08-14,"1,253,134","731,277","1,984,411","24,663","14,078","38,741"
2020-08-15,"1,269,716","740,355","2,010,071","16,582","9,078","25,660"
2020-08-16,"1,284,816","749,159","2,033,975","15,100","8,804","23,904"
2020-08-17,"1,298,271","756,616","2,054,887","13,455","7,457","20,912"
2020-08-18,"1,310,215","764,226","2,074,441","11,944","7,610","19,554"
2020-08-19,"1,321,066","770,826","2,091,892","10,851","6,600","17,451"
2020-08-20,"1,331,006","776,422","2,107,428","9,940","5,596","15,536"
2020-08-21,"1,339,418","781,161","2,120,579","8,412","4,739","13,151"
2020-08-22,"1,347,107","785,278","2,132,385","7,689","4,117","11,806"
2020-08-23,"1,353,791","789,191","2,142,982","6,684","3,913","10,597"
2020-08-24,"1,361,236","794,167","2,155,403","7,445","4,976","12,421"
2020-08-25,"1,371,556","801,673","2,173,229","10,320","7,506","17,826"
2020-08-26,"1,381,193","806,912","2,188,105","9,637","5,239","14,876"
2020-08-27,"1,388,372","811,232","2,199,604","7,179","4,320","11,499"
2020-08-28,"1,394,679","814,634","2,209,313","6,307","3,402","9,709"
2020-08-29,"1,401,235","818,470","2,219,705","6,556","3,836","10,392"
2020-08-30,"1,407,591","821,831","2,229,422","6,356","3,361","9,717"
2020-08-31,"1,413,532","824,906","2,238,438","5,941","3,075","9,016"
2020-09-01,"1,421,039","829,276","2,250,315","7,507","4,370","11,877"
2020-09-02,"1,429,892","834,504","2,264,396","8,853","5,228","14,081"
2020-09-03,"1,448,553","844,382","2,292,935","18,661","9,878","28,539"
2020-09-04,"1,459,526","850,592","2,310,118","10,973","6,210","17,183"
2020-09-05,"1,469,674","854,907","2,324,581","10,148","4,315","14,463"
2020-09-06,"1,477,336","858,924","2,336,260","7,662","4,017","11,679"
2020-09-07,"1,485,484","863,122","2,348,606","8,148","4,198","12,346"
2020-09-08,"1,494,902","867,944","2,362,846","9,418","4,822","14,240"
2020-09-09,"1,502,591","871,414","2,374,005","7,689","3,470","11,159"
2020-09-10,"1,509,573","874,736","2,384,309","6,982","3,322","10,304"
2020-09-11,"1,517,269","889,467","2,406,736","7,696","14,731","22,427"
2020-09-12,"1,523,394","911,260","2,434,654","6,125","21,793","27,918"
2020-09-13,"1,529,736","930,820","2,460,556","6,342","19,560","25,902"
2020-09-14,"1,539,182","948,976","2,488,158","9,446","18,156","27,602"
2020-09-15,"1,547,403","963,747","2,511,150","8,221","14,771","22,992"
2020-09-16,"1,559,161","990,506","2,549,667","11,758","26,759","38,517"
2020-09-17,"1,575,066","1,003,492","2,578,558","15,905","12,986","28,891"
2020-09-18,"1,608,567","1,020,778","2,629,345","33,501","17,286","50,787"
2020-09-19,"1,637,106","1,029,853","2,666,959","28,539","9,075","37,614"
2020-09-20,"1,654,838","1,035,141","2,689,979","17,732","5,288","23,020"
2020-09-21,"1,671,686","1,041,345","2,713,031","16,848","6,204","23,052"
2020-09-22,"1,688,083","1,056,357","2,744,440","16,397","15,012","31,409"
2020-09-23,"1,731,411","1,090,556","2,821,967","43,328","34,199","77,527"
2020-09-24,"1,775,306","1,108,063","2,883,369","43,895","17,507","61,402"
2020-09-25,"1,794,810","1,117,061","2,911,871","19,504","8,998","28,502"
2020-09-26,"1,807,629","1,122,861","2,930,490","12,819","5,800","18,619"
2020-09-27,"1,818,899","1,128,304","2,947,203","11,270","5,443","16,713"
2020-09-28,"1,851,777","1,146,044","2,997,821","32,878","17,740","50,618"
2020-09-29,"1,892,550","1,168,859","3,061,409","40,773","22,815","63,588"
2020-09-30,"1,930,279","1,185,311","3,115,590","37,729","16,452","54,181"
2020-10-01,"1,976,443","1,211,682","3,188,125","46,164","26,371","72,535"
2020-10-02,"2,019,228","1,233,954","3,253,182","42,785","22,272","65,057"
2020-10-03,"2,038,928","1,245,634","3,284,562","19,700","11,680","31,380"
2020-10-04,"2,053,623","1,255,849","3,309,472","14,695","10,215","24,910"
2020-10-05,"2,207,880","1,408,032","3,615,912","154,257","152,183","306,440"
2020-10-06,"2,389,527","1,513,655","3,903,182","181,647","105,623","287,270"
2020-10-07,"2,476,154","1,570,983","4,047,137","86,627","57,328","143,955"
2020-10-08,"2,523,238","1,611,617","4,134,855","47,084","40,634","87,718"
2020-10-09,"2,574,072","1,651,124","4,225,196","50,834","39,507","90,341"
2020-10-10,"2,601,231","1,671,297","4,272,528","27,159","20,173","47,332"
2020-10-11,"2,620,586","1,694,510","4,315,096","19,355","23,213","42,568"
2020-10-12,"2,640,007","1,740,311","4,380,318","19,421","45,801","65,222"
2020-10-13,"2,665,485","1,781,389","4,446,874","25,478","41,078","66,556"
2020-10-14,"2,685,055","1,810,143","4,495,198","19,570","28,754","48,324"
2020-10-15,"2,714,312","1,846,850","4,561,162","29,257","36,707","65,964"
2020-10-16,"2,736,728","1,874,503","4,611,231","22,416","27,653","50,069"
2020-10-17,"2,750,209","1,895,177","4,645,386","13,481","20,674","34,155"
2020-10-18,"2,760,914","1,912,776","4,673,690","10,705","17,599","28,304"
2020-10-19,"2,786,002","1,937,403","4,723,405","25,088","24,627","49,715"
2020-10-20,"2,802,321","1,956,036","4,758,357","16,319","18,633","34,952"
2020-10-21,"2,813,916","1,970,357","4,784,273","11,595","14,321","25,916"
2020-10-22,"2,822,442","1,983,674","4,806,116","8,526","13,317","21,843"
2020-10-23,"2,831,039","1,995,366","4,826,405","8,597","11,692","20,289"
2020-10-24,"2,839,186","2,006,447","4,845,633","8,147","11,081","19,228"
2020-10-25,"2,846,239","2,016,705","4,862,944","7,053","10,258","17,311"
2020-10-26,"2,854,451","2,029,497","4,883,948","8,212","12,792","21,004"
2020-10-27,"2,864,824","2,040,730","4,905,554",10373,11233,21606
2020-10-28,"2,875,459","2,051,426","4,926,885",10635,10696,21331
2020-10-29,"2,879,831","2,060,856","4,940,687",4372,9430,13802
2020-10-30,"2,889,078","2,070,815","4,959,893",9247,9959,19206
2020-10-31,"2,900,117","2,082,187","4,982,304",11039,11372,22411
2020-11-01,"2,915,840","2,094,771","5,010,611",15723,12584,28307
2020-11-02,"2,928,024","2,105,501","5,033,525",12184,10730,22914
2020-11-03,"2,940,130","2,116,093","5,056,223",12106,10592,22698
2020-11-04,"2,949,337","2,124,315","5,073,652",9207,8222,17429
2020-11-05,"2,957,297","2,132,584","5,089,881",7960,8269,16229
2020-11-06,"2,964,981","2,140,208","5,105,189",7684,7624,15308
2020-11-07,"2,972,319","2,147,970","5,120,289",7338,7762,15100
2020-11-08,"2,980,833","2,156,465","5,137,298",8514,8495,17009
2020-11-09,"2,992,663","2,166,390","5,159,053",11830,9925,21755
2020-11-10,"3,005,257","2,175,975","5,181,232",12594,9585,22179
2020-11-11,"3,014,453","2,188,660","5,203,113",9196,12685,21881
2020-11-12,"3,024,917","2,197,737","5,222,654",10464,9077,19541
2020-11-13,"3,037,017","2,207,570","5,244,587",12100,9833,21933
2020-11-14,"3,047,406","2,216,156","5,263,562",10389,8586,18975
2020-11-15,"3,056,836","2,224,590","5,281,426",9430,8434,17864
2020-11-16,"3,066,187","2,232,651","5,298,838",9351,8061,17412
2020-11-17,"3,077,311","2,241,384","5,318,695",11124,8733,19857
2020-11-18,"3,088,114","2,249,079","5,337,193",10803,7695,18498
2020-11-19,"3,097,399","2,256,904","5,354,303",9285,7825,17110
2020-11-20,"3,117,706","2,272,336","5,390,042",20307,15432,35739
2020-11-21,"3,132,629","2,282,914","5,415,543",14923,10578,25501
2020-11-22,"3,146,142","2,293,382","5,439,524",13513,10468,23981
2020-11-23,"3,161,458","2,303,832","5,465,290",15316,10450,25766
