Date;Nouveaux cas;Cumulatif de cas;
2020-02-25;1;1;
2020-02-26;0;1;
2020-02-27;0;1;
2020-02-28;0;1;
2020-02-29;0;1;
2020-03-01;1;2;
2020-03-02;2;4;
2020-03-03;0;4;
2020-03-04;0;4;
2020-03-05;0;4;
2020-03-06;0;4;
2020-03-07;0;4;
2020-03-08;1;5;
2020-03-09;1;6;
2020-03-10;2;8;
2020-03-11;3;11;
2020-03-12;3;14;
2020-03-13;2;16;
2020-03-14;5;21;
2020-03-15;6;27;
2020-03-16;5;32;
2020-03-17;7;39;
2020-03-18;6;45;
2020-03-19;36;81;
2020-03-20;49;130;
2020-03-21;92;222;
2020-03-22;88;310;
2020-03-23;133;443;
2020-03-24;145;588;
2020-03-25;188;776;
2020-03-26;180;956;
2020-03-27;242;1198;
2020-03-28;201;1399;
2020-03-29;260;1659;
2020-03-30;266;1925;
2020-03-31;331;2256;
2020-04-01;305;2561;
2020-04-02;409;2970;
2020-04-03;350;3320;
2020-04-04;340;3660;
2020-04-05;261;3921;
2020-04-06;458;4379;
2020-04-07;422;4801;
2020-04-08;377;5178;
2020-04-09;351;5529;
2020-04-10;306;5835;
2020-04-11;262;6097;
2020-04-12;332;6429;
2020-04-13;543;6972;
2020-04-14;467;7439;
2020-04-15;617;8056;
2020-04-16;497;8553;
2020-04-17;571;9124;
2020-04-18;331;9455;
2020-04-19;432;9887;
2020-04-20;483;10370;
2020-04-21;459;10829;
2020-04-22;533;11362;
2020-04-23;526;11888;
2020-04-24;497;12385;
2020-04-25;311;12696;
2020-04-26;283;12979;
2020-04-27;462;13441;
2020-04-28;471;13912;
2020-04-29;519;14431;
2020-04-30;589;15020;
2020-05-01;617;15637;
2020-05-02;523;16160;
2020-05-03;352;16512;
2020-05-04;419;16931;
2020-05-05;470;17401;
2020-05-06;569;17970;
2020-05-07;428;18398;
2020-05-08;434;18832;
2020-05-09;313;19145;
2020-05-10;300;19445;
2020-05-11;365;19810;
2020-05-12;427;20237;
2020-05-13;399;20636;
2020-05-14;354;20990;
2020-05-15;348;21338;
2020-05-16;269;21607;
2020-05-17;343;21950;
2020-05-18;333;22283;
2020-05-19;319;22602;
2020-05-20;411;23013;
2020-05-21;381;23394;
2020-05-22;257;23651;
2020-05-23;216;23867;
2020-05-24;215;24082;
2020-05-25;208;24290;
2020-05-26;239;24529;
2020-05-27;255;24784;
2020-05-28;194;24978;
2020-05-29;193;25171;
2020-05-30;206;25377;
2020-05-31;140;25517;
2020-06-01;156;25673;
2020-06-02;99;25772;
2020-06-03;114;25886;
2020-06-04;129;26015;
2020-06-05;113;26128;
2020-06-06;105;26233;
2020-06-07;76;26309;
2020-06-08;51;26360;
2020-06-09;78;26438;
2020-06-10;67;26505;
2020-06-11;68;26573;
2020-06-12;72;26645;
2020-06-13;66;26711;
2020-06-14;28;26739;
2020-06-15;56;26795;
2020-06-16;73;26868;
2020-06-17;52;26920;
2020-06-18;48;26968;
2020-06-19;65;27033;
2020-06-20;33;27066;
2020-06-21;26;27092;
2020-06-22;40;27132;
2020-06-23;38;27170;
2020-06-24;29;27199;
2020-06-25;46;27245;
2020-06-26;42;27287;
2020-06-27;30;27317;
2020-06-28;18;27335;
2020-06-29;16;27351;
2020-06-30;40;27391;
2020-07-01;24;27415;
2020-07-02;16;27431;
2020-07-03;17;27448;
2020-07-04;16;27464;
2020-07-05;7;27471;
2020-07-06;15;27486;
2020-07-07;21;27507;
2020-07-08;33;27540;
2020-07-09;51;27591;
2020-07-10;51;27642;
2020-07-11;21;27663;
2020-07-12;13;27676;
2020-07-13;78;27754;
2020-07-14;65;27819;
2020-07-15;69;27888;
2020-07-16;65;27953;
2020-07-17;103;28056;
2020-07-18;99;28155;
2020-07-19;55;28210;
2020-07-20;38;28248;
2020-07-21;65;28313;
2020-07-22;77;28390;
2020-07-23;92;28482;
2020-07-24;69;28551;
2020-07-25;36;28587;
2020-07-26;53;28640;
2020-07-27;34;28674;
2020-07-28;38;28712;
2020-07-29;71;28783;
2020-07-30;59;28842;
2020-07-31;58;28900;
2020-08-01;51;28951;
2020-08-02;31;28982;
2020-08-03;46;29028;
2020-08-04;65;29093;
2020-08-05;46;29139;
2020-08-06;21;29160;
2020-08-07;46;29206;
2020-08-08;35;29241;
2020-08-09;37;29278;
2020-08-10;35;29313;
2020-08-11;36;29349;
2020-08-12;36;29385;
2020-08-13;38;29423;
2020-08-14;31;29454;
2020-08-15;14;29468;
2020-08-16;13;29481;
2020-08-17;18;29499;
2020-08-18;17;29516;
2020-08-19;22;29538;
2020-08-20;35;29573;
2020-08-21;33;29606;
2020-08-22;20;29626;
2020-08-23;23;29649;
2020-08-24;10;29659;
2020-08-25;28;29687;
2020-08-26;43;29730;
2020-08-27;43;29773;
2020-08-28;27;29800;
2020-08-29;55;29855;
2020-08-30;15;29870;
2020-08-31;32;29902;
2020-09-01;36;29938;
2020-09-02;35;29973;
2020-09-03;72;30045;
2020-09-04;47;30092;
2020-09-05;67;30159;
2020-09-06;59;30218;
2020-09-07;51;30269;
2020-09-08;72;30341;
2020-09-09;70;30411;
2020-09-10;90;30501;
2020-09-11;111;30612;
2020-09-12;72;30684;
2020-09-13;101;30785;
2020-09-14;76;30861;
2020-09-15;94;30955;
2020-09-16;83;31038;
2020-09-17;74;31112;
2020-09-18;203;31315;
2020-09-19;141;31456;
2020-09-20;220;31676;
2020-09-21;141;31817;
2020-09-22;168;31985;
2020-09-23;257;32242;
2020-09-24;237;32479;
2020-09-25;286;32765;
2020-09-26;352;33117;
2020-09-27;277;33394;
2020-09-28;282;33676;
2020-09-29;350;34026;
2020-09-30;323;34349;
2020-10-01;318;34667;
2020-10-02;419;35086;
2020-10-03;376;35462;
2020-10-04;302;35764;
2020-10-05;284;36048;
2020-10-06;258;36306;
2020-10-07;304;36610;
2020-10-08;346;36956;
2020-10-09;287;37243;
2020-10-10;198;37441;
2020-10-11;336;37777;
2020-10-12;275;38052;
2020-10-13;204;38256;
2020-10-14;277;38533;
2020-10-15;257;38790;
2020-10-16;265;39055;
2020-10-17;274;39329;
2020-10-18;195;39524;
2020-10-19;241;39765;
2020-10-20;255;40020;
2020-10-21;294;40314;
2020-10-22;225;40539;
2020-10-23;248;40787;
2020-10-24;165;40952;
2020-10-25;219;41171;
2020-10-26;359;41530;
2020-10-27;247;41777;
2020-10-28;214;41991;
2020-10-29;220;42211;
2020-10-30;199;42410;
2020-10-31;240;42650;
2020-11-01;235;42885;
2020-11-02;197;43082;
2020-11-03;245;43327;
2020-11-04;247;43574;
2020-11-05;329;43903;
2020-11-06;266;44169;
2020-11-07;272;44441;
2020-11-08;275;44716;
;;;
;;;
;;;
;;;
;;;
;;;
;;;
;;;
;;;
;;;
;;;
;;;
;;;
;;;
;;;
;;;
;;;
;;;
;;;
;;;
;;;
;;;
;;;
;;;
;;;
;;;
;;;
;;;
;;;
;;;
;;;
;;;
;;;
;;;
;;;
;;;
;;;
;;;
;;;
;;;
;;;
;;;
;;;
;;;
;;;
;;;
;;;
;;;
;;;
