Date;Nouveaux cas;Cumulatif de cas;
2020-01-08;0;0;
2020-02-25;1;1;
2020-02-26;0;1;
2020-02-27;0;1;
2020-02-28;0;1;
2020-02-29;0;1;
2020-03-01;1;2;
2020-03-02;2;4;
2020-03-03;0;4;
2020-03-04;0;4;
2020-03-05;0;4;
2020-03-06;0;4;
2020-03-07;0;4;
2020-03-08;1;5;
2020-03-09;1;6;
2020-03-10;2;8;
2020-03-11;3;11;
2020-03-12;3;14;
2020-03-13;2;16;
2020-03-14;5;21;
2020-03-15;6;27;
2020-03-16;5;32;
2020-03-17;7;39;
2020-03-18;6;45;
2020-03-19;36;81;
2020-03-20;49;130;
2020-03-21;92;222;
2020-03-22;88;310;
2020-03-23;133;443;
2020-03-24;145;588;
2020-03-25;188;776;
2020-03-26;180;956;
2020-03-27;242;1198;
2020-03-28;201;1399;
2020-03-29;260;1659;
2020-03-30;266;1925;
2020-03-31;331;2256;
2020-04-01;305;2561;
2020-04-02;409;2970;
2020-04-03;350;3320;
2020-04-04;340;3660;
2020-04-05;261;3921;
2020-04-06;458;4379;
2020-04-07;422;4801;
2020-04-08;377;5178;
2020-04-09;351;5529;
2020-04-10;306;5835;
2020-04-11;262;6097;
2020-04-12;332;6429;
2020-04-13;543;6972;
2020-04-14;467;7439;
2020-04-15;617;8056;
2020-04-16;497;8553;
2020-04-17;571;9124;
2020-04-18;331;9455;
2020-04-19;432;9887;
2020-04-20;483;10370;
2020-04-21;459;10829;
2020-04-22;534;11363;
2020-04-23;526;11889;
2020-04-24;496;12385;
2020-04-25;311;12696;
2020-04-26;282;12978;
2020-04-27;462;13440;
2020-04-28;472;13912;
2020-04-29;519;14431;
2020-04-30;589;15020;
2020-05-01;617;15637;
2020-05-02;524;16161;
2020-05-03;352;16513;
2020-05-04;419;16932;
2020-05-05;470;17402;
2020-05-06;569;17971;
2020-05-07;428;18399;
2020-05-08;434;18833;
2020-05-09;312;19145;
2020-05-10;300;19445;
2020-05-11;365;19810;
2020-05-12;426;20236;
2020-05-13;399;20635;
2020-05-14;354;20989;
2020-05-15;348;21337;
2020-05-16;269;21606;
2020-05-17;343;21949;
2020-05-18;333;22282;
2020-05-19;320;22602;
2020-05-20;411;23013;
2020-05-21;381;23394;
2020-05-22;257;23651;
2020-05-23;216;23867;
2020-05-24;215;24082;
2020-05-25;207;24289;
2020-05-26;239;24528;
2020-05-27;255;24783;
2020-05-28;194;24977;
2020-05-29;193;25170;
2020-05-30;206;25376;
2020-05-31;140;25516;
2020-06-01;156;25672;
2020-06-02;99;25771;
2020-06-03;114;25885;
2020-06-04;129;26014;
2020-06-05;114;26128;
2020-06-06;105;26233;
2020-06-07;76;26309;
2020-06-08;52;26361;
2020-06-09;78;26439;
2020-06-10;67;26506;
2020-06-11;67;26573;
2020-06-12;72;26645;
2020-06-13;66;26711;
2020-06-14;28;26739;
2020-06-15;56;26795;
2020-06-16;73;26868;
2020-06-17;52;26920;
2020-06-18;48;26968;
2020-06-19;65;27033;
2020-06-20;33;27066;
2020-06-21;26;27092;
2020-06-22;40;27132;
2020-06-23;38;27170;
2020-06-24;30;27200;
2020-06-25;46;27246;
2020-06-26;42;27288;
2020-06-27;30;27318;
2020-06-28;18;27336;
2020-06-29;16;27352;
2020-06-30;40;27392;
2020-07-01;24;27416;
2020-07-02;16;27432;
2020-07-03;17;27449;
2020-07-04;16;27465;
2020-07-05;7;27472;
2020-07-06;15;27487;
2020-07-07;21;27508;
2020-07-08;33;27541;
2020-07-09;51;27592;
2020-07-10;51;27643;
2020-07-11;21;27664;
2020-07-12;13;27677;
2020-07-13;78;27755;
2020-07-14;66;27821;
2020-07-15;69;27890;
2020-07-16;65;27955;
2020-07-17;102;28057;
2020-07-18;99;28156;
2020-07-19;54;28210;
2020-07-20;38;28248;
2020-07-21;65;28313;
2020-07-22;77;28390;
2020-07-23;92;28482;
2020-07-24;69;28551;
2020-07-25;35;28586;
2020-07-26;53;28639;
2020-07-27;34;28673;
2020-07-28;38;28711;
2020-07-29;71;28782;
2020-07-30;59;28841;
2020-07-31;58;28899;
2020-08-01;51;28950;
2020-08-02;31;28981;
2020-08-03;46;29027;
2020-08-04;65;29092;
2020-08-05;46;29138;
2020-08-06;21;29159;
2020-08-07;46;29205;
2020-08-08;35;29240;
2020-08-09;37;29277;
2020-08-10;35;29312;
2020-08-11;36;29348;
2020-08-12;35;29383;
2020-08-13;38;29421;
2020-08-14;31;29452;
2020-08-15;14;29466;
2020-08-16;13;29479;
2020-08-17;17;29496;
2020-08-18;17;29513;
2020-08-19;22;29535;
2020-08-20;35;29570;
2020-08-21;33;29603;
2020-08-22;20;29623;
2020-08-23;23;29646;
2020-08-24;10;29656;
2020-08-25;28;29684;
2020-08-26;42;29726;
2020-08-27;43;29769;
2020-08-28;27;29796;
2020-08-29;55;29851;
2020-08-30;15;29866;
2020-08-31;32;29898;
2020-09-01;36;29934;
2020-09-02;35;29969;
2020-09-03;72;30041;
2020-09-04;47;30088;
2020-09-05;67;30155;
2020-09-06;59;30214;
2020-09-07;51;30265;
2020-09-08;72;30337;
2020-09-09;70;30407;
2020-09-10;90;30497;
2020-09-11;111;30608;
2020-09-12;72;30680;
2020-09-13;101;30781;
2020-09-14;75;30856;
2020-09-15;94;30950;
2020-09-16;83;31033;
2020-09-17;74;31107;
2020-09-18;203;31310;
2020-09-19;141;31451;
2020-09-20;219;31670;
2020-09-21;141;31811;
2020-09-22;169;31980;
2020-09-23;257;32237;
2020-09-24;237;32474;
2020-09-25;286;32760;
2020-09-26;352;33112;
2020-09-27;277;33389;
2020-09-28;282;33671;
2020-09-29;350;34021;
2020-09-30;323;34344;
2020-10-01;318;34662;
2020-10-02;419;35081;
2020-10-03;375;35456;
2020-10-04;302;35758;
2020-10-05;284;36042;
2020-10-06;259;36301;
2020-10-07;304;36605;
2020-10-08;346;36951;
2020-10-09;287;37238;
2020-10-10;199;37437;
2020-10-11;335;37772;
2020-10-12;274;38046;
2020-10-13;204;38250;
2020-10-14;278;38528;
2020-10-15;259;38787;
2020-10-16;265;39052;
2020-10-17;275;39327;
2020-10-18;195;39522;
2020-10-19;241;39763;
2020-10-20;255;40018;
2020-10-21;294;40312;
2020-10-22;225;40537;
2020-10-23;247;40784;
2020-10-24;166;40950;
2020-10-25;220;41170;
2020-10-26;360;41530;
2020-10-27;244;41774;
2020-10-28;216;41990;
2020-10-29;220;42210;
2020-10-30;199;42409;
2020-10-31;240;42649;
2020-11-01;234;42883;
2020-11-02;198;43081;
2020-11-03;245;43326;
2020-11-04;247;43573;
2020-11-05;328;43901;
2020-11-06;265;44166;
2020-11-07;272;44438;
2020-11-08;276;44714;
2020-11-09;275;44989;
2020-11-10;319;45308;
2020-11-11;349;45657;
2020-11-12;287;45944;
2020-11-13;332;46276;
2020-11-14;309;46585;
2020-11-15;279;46864;
2020-11-16;311;47175;
2020-11-17;232;47407;
2020-11-18;231;47638;
2020-11-19;271;47909;
;;;
;;;
;;;
;;;
;;;
;;;
;;;
;;;
;;;
;;;
;;;
;;;
;;;
;;;
;;;
;;;
;;;
;;;
;;;
;;;
;;;
;;;
;;;
;;;
;;;
;;;
;;;
;;;
;;;
;;;
;;;
;;;
;;;
;;;
;;;
;;;
;;;
