date,0-19,20-29,30-39,40-49,50-59,60-69,70-79,80+,new,cumulative-n-age,shaded
2020-01-15,0,0,1,0,0,0,0,0,1,1,14
2020-01-16,0,0,0,0,1,0,0,0,1,2,
2020-01-17,0,0,0,0,0,0,0,0,0,2,
2020-01-18,0,0,0,0,0,0,0,0,0,2,
2020-01-19,0,0,0,0,0,0,0,0,0,2,
2020-01-20,0,0,0,0,0,0,0,0,0,2,
2020-01-21,0,0,0,0,1,0,0,0,1,3,
2020-01-22,0,0,0,1,1,0,0,0,2,5,
2020-01-23,0,0,0,0,0,0,0,0,0,5,
2020-01-24,0,2,0,0,0,0,0,0,2,7,
2020-01-25,0,0,0,0,0,0,0,0,0,7,
2020-01-26,0,0,0,0,0,0,0,0,0,7,
2020-01-27,0,0,0,0,1,0,0,0,1,8,
2020-01-28,0,1,0,0,0,0,0,0,1,9,
2020-01-29,0,0,0,0,0,0,0,0,0,9,
2020-01-30,0,0,0,0,0,0,0,0,0,9,
2020-01-31,0,0,1,0,0,0,0,0,1,10,
2020-02-01,0,0,0,0,1,1,0,0,2,12,
2020-02-02,0,0,0,0,0,0,0,0,0,12,
2020-02-03,0,0,0,0,1,0,0,0,1,13,
2020-02-04,0,0,0,0,0,0,0,2,2,15,
2020-02-05,0,2,0,0,0,0,0,0,2,17,
2020-02-06,0,0,0,0,0,0,0,0,0,17,
2020-02-07,1,0,0,0,0,0,0,0,1,18,
2020-02-08,0,0,0,0,0,0,0,0,0,18,
2020-02-09,0,0,1,0,0,0,0,0,1,19,
2020-02-10,0,0,0,0,0,2,0,0,2,21,
2020-02-11,0,0,0,0,0,0,0,0,0,21,
2020-02-12,0,0,0,0,1,0,0,0,1,22,
2020-02-13,0,0,0,1,0,0,0,0,1,23,
2020-02-14,0,0,2,0,0,1,1,0,4,27,
2020-02-15,1,0,0,1,0,0,0,0,2,29,
2020-02-16,0,0,0,0,0,1,0,0,1,30,
2020-02-17,0,1,0,0,0,1,0,0,2,32,
2020-02-18,0,0,0,1,0,0,0,1,2,34,
2020-02-19,0,1,0,2,0,0,0,0,3,37,
2020-02-20,0,0,2,0,1,1,2,1,7,44,
2020-02-21,0,0,0,1,0,1,0,0,2,46,
2020-02-22,0,0,0,1,1,0,3,0,5,51,
2020-02-23,2,3,1,2,3,4,1,0,16,67,
2020-02-24,1,0,3,1,5,1,3,0,14,81,
2020-02-25,1,1,1,1,3,7,1,0,15,96,
2020-02-26,2,1,1,3,1,4,0,0,12,108,
2020-02-27,1,3,5,2,7,4,1,2,25,133,
2020-02-28,0,1,4,3,5,8,2,12,35,168,
2020-02-29,0,3,3,5,5,7,1,3,27,195,
2020-03-01,0,2,9,7,8,8,7,6,47,242,
2020-03-02,4,3,12,7,9,6,5,2,48,290,
2020-03-03,0,4,7,4,11,17,6,4,53,343,
2020-03-04,3,5,4,8,12,11,6,2,51,394,
2020-03-05,1,6,12,9,12,13,6,4,63,457,
2020-03-06,4,8,15,11,13,15,8,9,83,540,
2020-03-07,6,11,9,16,24,13,5,5,89,629,
2020-03-08,4,14,19,28,34,20,8,4,131,760,
2020-03-09,8,30,38,39,53,33,18,5,224,984,
2020-03-10,12,23,45,37,56,50,22,12,257,1241,
2020-03-11,12,46,50,63,51,38,27,10,297,1538,
2020-03-12,12,52,75,75,74,44,37,14,383,1921,
2020-03-13,28,57,65,90,83,74,42,17,456,2377,
2020-03-14,23,51,60,76,102,79,49,18,458,2835,
2020-03-15,23,74,107,99,115,92,54,35,599,3434,
2020-03-16,38,128,141,153,158,133,58,28,837,4271,
2020-03-17,39,104,160,158,173,116,70,44,864,5135,
2020-03-18,51,156,148,165,174,133,85,45,957,6092,
2020-03-19,43,127,117,145,139,133,71,34,809,6901,
2020-03-20,53,149,163,156,188,174,71,62,1016,7917,
2020-03-21,54,135,150,136,154,136,78,49,892,8809,
2020-03-22,51,134,122,146,167,129,56,59,864,9673,
2020-03-23,57,162,169,164,193,146,84,88,1063,10736,
2020-03-24,61,153,134,151,168,135,83,72,957,11693,
2020-03-25,60,140,137,164,169,117,77,107,971,12664,
2020-03-26,54,114,118,146,181,126,71,97,907,13571,
2020-03-27,45,144,112,162,173,132,76,104,948,14519,
2020-03-28,50,119,139,162,163,115,88,119,955,15474,
2020-03-29,49,113,117,141,150,103,82,110,865,16339,
2020-03-30,58,131,146,212,186,125,90,187,1135,17474,
2020-03-31,43,123,121,166,141,114,91,160,959,18433,
2020-04-01,79,138,175,185,222,155,125,218,1297,19730,
2020-04-02,68,116,133,226,172,111,86,245,1157,20887,
2020-04-03,66,133,161,224,207,144,115,281,1331,22218,
2020-04-04,57,119,151,183,211,105,97,228,1151,23369,
2020-04-05,42,139,132,178,150,105,81,237,1064,24433,
2020-04-06,79,161,199,236,222,137,102,272,1408,25841,
2020-04-07,63,132,164,208,219,114,110,264,1274,27115,
2020-04-08,93,138,190,227,223,112,95,328,1406,28521,
2020-04-09,78,129,190,259,223,131,115,339,1464,29985,
2020-04-10,85,199,219,271,251,160,125,428,1738,31723,
2020-04-11,71,155,186,246,244,147,104,472,1625,33348,
2020-04-12,88,172,196,245,207,131,109,326,1474,34822,
2020-04-13,94,215,230,299,304,195,144,564,2045,36867,
2020-04-14,84,198,229,265,237,161,139,477,1790,38657,
2020-04-15,111,218,236,248,251,174,164,470,1872,40529,
2020-04-16,125,180,213,251,206,182,155,623,1935,42464,
2020-04-17,106,204,227,295,260,155,154,469,1870,44334,
2020-04-18,97,196,207,219,277,149,146,373,1664,45998,
2020-04-19,71,134,166,205,197,93,93,308,1267,47265,
2020-04-20,92,235,234,279,263,178,139,391,1811,49076,
2020-04-21,74,155,200,219,203,126,105,354,1436,50512,
2020-04-22,93,168,195,220,233,124,126,388,1547,52059,
2020-04-23,93,190,210,208,225,162,117,368,1573,53632,
2020-04-24,92,179,238,239,227,120,118,297,1510,55142,
2020-04-25,104,189,183,228,195,129,97,285,1410,56552,
2020-04-26,115,204,197,205,188,113,88,233,1343,57895,
2020-04-27,109,200,216,244,255,161,150,337,1672,59567,
2020-04-28,115,181,212,226,181,149,123,329,1516,61083,
2020-04-29,88,188,202,206,195,143,127,341,1490,62573,
2020-04-30,84,185,180,187,239,138,116,320,1449,64022,
2020-05-01,89,208,238,269,252,118,104,311,1589,65611,
2020-05-02,87,152,164,173,182,80,73,176,1087,66698,
2020-05-03,100,145,142,165,140,93,73,180,1038,67736,
2020-05-04,85,178,152,207,207,106,99,287,1321,69057,
2020-05-05,88,160,156,164,193,85,118,294,1258,70315,
2020-05-06,97,133,148,155,183,101,86,189,1092,71407,
2020-05-07,80,165,152,148,184,113,73,214,1129,72536,
2020-05-08,85,157,184,167,189,88,81,210,1161,73697,
2020-05-09,71,133,129,157,177,96,87,186,1036,74733,
2020-05-10,76,141,138,131,136,87,84,179,972,75705,
2020-05-11,102,184,177,163,187,105,82,231,1231,76936,
2020-05-12,99,174,129,139,160,99,91,195,1086,78022,
2020-05-13,78,140,160,137,173,108,77,221,1094,79116,
2020-05-14,111,153,147,151,147,117,78,253,1157,80273,
2020-05-15,96,184,184,184,171,134,82,237,1272,81545,
2020-05-16,83,144,137,151,182,102,63,134,996,82541,
2020-05-17,82,145,144,151,132,80,59,128,921,83462,
2020-05-18,110,163,160,154,144,86,80,182,1079,84541,
2020-05-19,87,150,125,142,147,75,62,153,941,85482,
2020-05-20,108,181,127,167,144,98,69,202,1096,86578,
2020-05-21,90,159,116,137,115,75,47,132,871,87449,
2020-05-22,87,135,131,135,130,71,57,98,844,88293,
2020-05-23,83,130,90,119,111,66,29,76,704,88997,
2020-05-24,70,101,83,110,104,61,36,80,645,89642,
2020-05-25,90,144,125,117,122,79,50,101,828,90470,
2020-05-26,68,116,122,111,84,70,54,95,720,91190,
2020-05-27,64,114,104,105,104,62,47,113,713,91903,
2020-05-28,53,90,84,82,92,50,42,86,579,92482,
2020-05-29,58,111,112,125,90,67,44,88,695,93177,
2020-05-30,56,109,103,99,71,47,26,48,559,93736,
2020-05-31,60,100,82,57,63,24,23,26,435,94171,
2020-06-01,62,122,117,83,94,50,41,92,661,94832,
2020-06-02,52,95,92,67,75,46,20,50,497,95329,
2020-06-03,79,100,85,62,49,46,20,43,484,95813,
2020-06-04,66,93,63,60,54,42,27,46,451,96264,
2020-06-05,55,100,49,80,66,39,28,27,444,96708,
2020-06-06,44,77,63,47,46,40,22,32,371,97079,
2020-06-07,50,66,57,42,35,21,22,27,320,97399,
2020-06-08,59,78,67,61,53,30,26,30,404,97803,
2020-06-09,45,88,65,42,40,36,30,26,372,98175,
2020-06-10,47,88,73,69,60,37,21,38,433,98608,
2020-06-11,50,68,54,51,55,29,25,29,361,98969,
2020-06-12,54,76,61,52,63,24,26,18,374,99343,
2020-06-13,37,68,48,30,29,17,12,27,268,99611,
2020-06-14,33,82,47,43,38,28,15,17,303,99914,
2020-06-15,57,79,56,53,57,38,20,25,385,100299,
2020-06-16,46,77,59,58,36,35,18,22,351,100650,
2020-06-17,42,84,53,43,43,34,16,27,342,100992,
2020-06-18,29,79,50,45,36,28,15,21,303,101295,
2020-06-19,46,75,58,42,52,25,14,19,331,101626,
2020-06-20,38,61,50,44,39,24,11,17,284,101910,
2020-06-21,30,62,59,35,29,23,15,20,273,102183,
2020-06-22,41,69,59,43,58,27,18,17,332,102515,
2020-06-23,46,67,61,50,45,20,15,14,318,102833,
2020-06-24,41,64,46,36,40,18,15,20,280,103113,
2020-06-25,39,119,68,61,39,24,18,21,389,103502,
2020-06-26,47,61,47,25,31,25,8,17,261,103763,
2020-06-27,41,57,53,29,39,21,13,16,269,104032,
2020-06-28,37,70,55,39,28,18,12,11,270,104302,
2020-06-29,56,58,59,42,38,29,13,22,317,104619,
2020-06-30,43,63,50,47,35,19,19,14,290,104909,
2020-07-01,45,52,39,50,37,27,7,19,276,105185,
2020-07-02,38,46,36,45,31,31,9,15,251,105436,
2020-07-03,39,73,45,28,44,28,11,14,282,105718,
2020-07-04,56,63,35,38,30,37,13,13,285,106003,
2020-07-05,58,60,39,32,34,23,12,8,266,106269,
2020-07-06,63,128,98,54,42,34,29,25,473,106742,
2020-07-07,69,112,70,55,43,37,14,23,423,107165,
2020-07-08,67,106,76,50,51,42,15,19,426,107591,
2020-07-09,64,100,72,58,54,24,13,17,402,107993,
2020-07-10,68,67,59,56,65,36,18,16,385,108378,
2020-07-11,52,117,63,34,32,33,15,17,363,108741,
2020-07-12,31,149,75,38,39,25,11,13,381,109122,
2020-07-13,71,183,108,63,77,50,21,27,600,109722,
2020-07-14,63,176,94,75,54,39,15,11,527,110249,
2020-07-15,56,167,103,83,67,35,13,23,547,110796,
2020-07-16,58,145,65,59,49,24,16,26,442,111238,
2020-07-17,67,127,96,61,62,33,12,18,476,111714,
2020-07-18,61,117,62,48,55,28,13,14,398,112112,
2020-07-19,59,104,46,52,44,32,18,16,371,112483,
2020-07-20,80,137,86,74,63,31,25,20,516,112999,
2020-07-21,86,147,77,60,41,31,12,22,476,113475,
2020-07-22,85,129,73,38,46,27,15,19,432,113907,
2020-07-23,84,89,61,49,47,31,21,15,397,114304,
2020-07-24,80,83,67,55,49,34,21,9,398,114702,
2020-07-25,48,72,55,37,38,25,13,4,292,114994,
2020-07-26,70,66,65,36,36,19,10,5,307,115301,
2020-07-27,81,136,72,49,44,30,17,14,443,115744,
2020-07-28,66,87,62,48,39,25,10,18,355,116099,
2020-07-29,72,89,79,57,34,17,11,8,367,116466,
2020-07-30,44,85,57,35,42,22,5,8,298,116764,
2020-07-31,51,64,59,48,30,23,15,9,299,117063,
2020-08-01,53,95,47,41,30,17,11,8,302,117365,
2020-08-02,55,70,51,37,32,23,8,7,283,117648,
2020-08-03,68,98,78,44,49,24,11,5,377,118025,
2020-08-04,58,109,66,49,56,24,11,11,384,118409,
2020-08-05,58,89,72,59,36,24,13,2,353,118762,
2020-08-06,43,88,58,43,43,20,12,14,321,119083,
2020-08-07,60,91,77,50,32,18,13,8,349,119432,
2020-08-08,52,69,68,43,42,16,12,7,309,119741,
2020-08-09,41,93,65,40,25,22,13,3,302,120043,
2020-08-10,63,101,86,47,37,30,20,10,394,120437,
2020-08-11,61,114,72,35,44,35,23,7,391,120828,
2020-08-12,61,92,64,48,45,28,16,6,360,121188,
2020-08-13,84,95,59,46,33,14,12,7,350,121538,
2020-08-14,38,88,63,57,38,18,9,10,321,121859,
2020-08-15,57,78,64,49,34,25,20,6,333,122192,
2020-08-16,42,87,71,54,47,25,12,15,353,122545,
2020-08-17,70,146,84,73,48,31,17,7,476,123021,
2020-08-18,67,108,72,52,39,19,16,7,380,123401,
2020-08-19,84,91,67,50,41,22,27,14,396,123797,
2020-08-20,75,85,78,51,50,21,25,10,395,124192,
2020-08-21,60,91,77,59,28,41,16,9,381,124573,
2020-08-22,65,103,58,63,40,30,9,11,379,124952,
2020-08-23,58,84,68,65,42,28,10,16,371,125323,
2020-08-24,105,121,84,68,67,40,23,13,521,125844,
2020-08-25,93,139,100,77,55,45,24,16,549,126393,
2020-08-26,94,123,92,88,58,37,16,12,520,126913,
2020-08-27,58,88,82,81,55,23,22,16,425,127338,
2020-08-28,106,115,74,81,43,49,29,13,510,127848,
2020-08-29,60,92,79,52,58,36,15,9,401,128249,
2020-08-30,76,116,111,61,52,41,29,4,490,128739,
2020-08-31,111,146,96,81,74,39,19,14,580,129319,
2020-09-01,120,176,124,88,71,44,25,21,669,129988,
2020-09-02,102,167,130,81,75,43,22,17,637,130625,
2020-09-03,117,152,97,80,53,34,23,11,567,131192,
2020-09-04,125,162,121,95,52,47,32,12,646,131838,
2020-09-05,123,152,98,74,53,36,25,19,580,132418,
2020-09-06,110,180,107,84,67,35,12,14,609,133027,
2020-09-07,121,226,118,110,79,48,17,13,732,133759,
2020-09-08,148,243,139,100,109,65,38,18,860,134619,
2020-09-09,159,246,147,130,81,60,22,14,859,135478,
2020-09-10,147,250,137,118,80,57,27,16,832,136310,
2020-09-11,148,225,154,112,91,58,29,20,837,137147,
2020-09-12,163,256,150,109,99,66,30,30,903,138050,
2020-09-13,140,238,151,109,90,61,20,15,824,138874,
2020-09-14,206,307,208,146,118,66,37,9,1097,139971,
2020-09-15,201,378,186,150,106,71,29,26,1147,141118,
2020-09-16,202,341,165,143,126,68,38,37,1120,142238,
2020-09-17,235,262,176,136,124,61,43,24,1061,143299,
2020-09-18,239,278,176,158,134,58,30,28,1101,144400,
2020-09-19,200,252,183,158,102,63,37,24,1019,145419,
2020-09-20,181,256,184,126,121,73,41,27,1009,146428,
2020-09-21,240,337,230,175,158,92,32,40,1304,147732,
2020-09-22,205,313,252,153,135,84,44,30,1216,148948,
2020-09-23,191,290,214,162,134,85,34,38,1148,150096,
2020-09-24,181,272,218,165,133,68,32,45,1114,151210,
2020-09-25,207,288,178,141,151,76,41,39,1121,152331,
2020-09-26,171,233,146,132,106,56,26,23,893,153224,
2020-09-27,151,219,168,133,97,61,28,32,889,154113,
2020-09-28,170,259,200,166,130,73,32,51,1081,155194,
2020-09-29,157,269,189,137,122,61,38,39,1012,156206,
2020-09-30,152,256,179,141,108,74,20,27,957,157163,
2020-10-01,160,202,162,124,126,69,24,27,894,158057,
2020-10-02,130,185,138,131,110,71,35,47,847,158904,
2020-10-03,115,180,132,101,106,71,16,24,745,159649,
2020-10-04,100,148,112,98,81,53,24,16,632,160281,
2020-10-05,104,176,158,89,118,63,35,27,770,161051,
2020-10-06,110,177,140,104,91,62,27,53,764,161815,
2020-10-07,117,148,114,94,97,52,26,31,679,162494,
2020-10-08,93,121,108,67,102,57,21,15,584,163078,
2020-10-09,97,133,110,99,95,40,27,41,642,163720,
2020-10-10,82,74,80,73,67,43,16,23,458,164178,
2020-10-11,80,101,57,82,50,44,20,12,446,164624,
2020-10-12,62,78,61,47,62,39,12,5,366,164990,
2020-10-13,76,76,53,60,52,33,9,13,372,165362,
2020-10-14,4,16,13,13,16,5,2,1,70,165432,
2020-10-15,0,0,0,0,0,0,0,0,0,165432,
2020-10-16,0,0,0,0,0,0,0,0,0,165432,