date,0-19,20-29,30-39,40-49,50-59,60-69,70-79,80+,new,cumulative-n-age,shaded
2020-01-15,0,0,1,0,0,0,0,0,1,1,14
2020-01-16,0,0,0,0,0,0,0,0,0,1,
2020-01-17,0,0,0,0,0,0,0,0,0,1,
2020-01-18,0,0,0,0,0,0,0,0,0,1,
2020-01-19,0,0,0,0,0,0,0,0,0,1,
2020-01-20,0,0,0,0,0,0,0,0,0,1,
2020-01-21,0,0,0,0,1,0,0,0,1,2,
2020-01-22,0,0,0,1,1,0,0,0,2,4,
2020-01-23,0,0,0,0,0,0,0,0,0,4,
2020-01-24,0,2,0,0,0,0,0,0,2,6,
2020-01-25,0,0,0,0,0,0,0,0,0,6,
2020-01-26,0,0,0,0,0,0,0,0,0,6,
2020-01-27,0,0,0,0,1,0,0,0,1,7,
2020-01-28,0,1,0,0,0,0,0,0,1,8,
2020-01-29,0,0,0,0,0,0,0,0,0,8,
2020-01-30,0,0,0,0,0,0,0,0,0,8,
2020-01-31,0,0,1,0,0,0,0,0,1,9,
2020-02-01,0,0,0,0,1,1,0,0,2,11,
2020-02-02,0,0,0,0,0,0,0,0,0,11,
2020-02-03,0,0,0,0,1,0,0,0,1,12,
2020-02-04,0,0,0,0,0,0,0,2,2,14,
2020-02-05,0,2,0,0,0,0,0,0,2,16,
2020-02-06,0,0,0,0,0,0,0,0,0,16,
2020-02-07,1,0,0,0,0,0,0,0,1,17,
2020-02-08,0,0,0,0,0,0,0,0,0,17,
2020-02-09,0,0,1,0,0,0,0,0,1,18,
2020-02-10,0,0,0,0,0,2,0,0,2,20,
2020-02-11,0,0,0,0,0,0,0,0,0,20,
2020-02-12,0,0,0,0,1,0,0,0,1,21,
2020-02-13,0,0,0,1,0,0,0,0,1,22,
2020-02-14,0,0,2,0,0,1,1,0,4,26,
2020-02-15,1,0,0,1,0,0,0,0,2,28,
2020-02-16,0,0,0,0,0,1,0,0,1,29,
2020-02-17,0,1,0,0,0,1,0,0,2,31,
2020-02-18,0,0,0,1,0,0,0,1,2,33,
2020-02-19,0,1,0,2,0,0,0,0,3,36,
2020-02-20,0,0,2,0,1,1,2,1,7,43,
2020-02-21,0,0,0,1,0,1,0,0,2,45,
2020-02-22,0,0,0,1,1,0,3,0,5,50,
2020-02-23,2,3,1,2,3,4,1,0,16,66,
2020-02-24,1,0,3,1,5,1,3,0,14,80,
2020-02-25,1,1,1,1,3,7,1,0,15,95,
2020-02-26,2,1,1,3,1,4,0,0,12,107,
2020-02-27,1,3,5,2,7,4,1,2,25,132,
2020-02-28,0,1,4,3,5,8,2,12,35,167,
2020-02-29,0,3,3,5,5,7,1,3,27,194,
2020-03-01,0,2,9,7,8,8,7,6,47,241,
2020-03-02,4,3,12,7,9,6,5,2,48,289,
2020-03-03,0,4,7,4,11,17,6,4,53,342,
2020-03-04,3,5,4,8,12,11,6,2,51,393,
2020-03-05,1,6,12,9,12,13,6,4,63,456,
2020-03-06,4,8,15,11,13,15,8,9,83,539,
2020-03-07,6,11,9,16,24,13,5,5,89,628,
2020-03-08,4,14,19,28,34,20,8,4,131,759,
2020-03-09,8,30,38,39,53,33,18,5,224,983,
2020-03-10,12,23,45,37,56,50,22,12,257,1240,
2020-03-11,12,46,50,63,51,38,27,10,297,1537,
2020-03-12,12,52,75,75,74,44,37,14,383,1920,
2020-03-13,28,57,65,90,83,74,42,17,456,2376,
2020-03-14,23,51,60,76,102,79,49,18,458,2834,
2020-03-15,23,74,107,99,115,92,54,35,599,3433,
2020-03-16,38,128,141,153,158,132,58,28,836,4269,
2020-03-17,39,104,160,158,173,116,70,44,864,5133,
2020-03-18,52,156,148,165,174,133,85,45,958,6091,
2020-03-19,43,127,117,145,139,133,71,34,809,6900,
2020-03-20,53,149,163,156,187,174,71,62,1015,7915,
2020-03-21,54,135,150,136,154,136,78,49,892,8807,
2020-03-22,50,134,122,146,167,129,56,59,863,9670,
2020-03-23,56,162,169,164,193,146,84,88,1062,10732,
2020-03-24,61,153,134,151,168,135,83,72,957,11689,
2020-03-25,60,140,137,164,169,117,77,107,971,12660,
2020-03-26,54,114,118,146,182,126,71,97,908,13568,
2020-03-27,45,144,112,162,173,132,76,104,948,14516,
2020-03-28,50,119,139,162,163,115,88,119,955,15471,
2020-03-29,49,113,117,141,150,103,82,110,865,16336,
2020-03-30,59,131,146,212,186,125,90,187,1136,17472,
2020-03-31,43,123,121,166,141,113,91,160,958,18430,
2020-04-01,79,138,175,185,222,155,126,218,1298,19728,
2020-04-02,68,116,133,226,172,111,86,245,1157,20885,
2020-04-03,66,133,161,223,208,144,115,281,1331,22216,
2020-04-04,57,119,151,183,211,105,97,228,1151,23367,
2020-04-05,42,139,132,178,150,105,81,237,1064,24431,
2020-04-06,79,160,199,236,222,137,102,272,1407,25838,
2020-04-07,63,132,164,208,219,114,110,264,1274,27112,
2020-04-08,93,138,190,227,223,112,95,329,1407,28519,
2020-04-09,78,131,190,258,223,131,115,339,1465,29984,
2020-04-10,85,199,219,271,251,159,125,428,1737,31721,
2020-04-11,71,155,186,246,244,148,104,472,1626,33347,
2020-04-12,88,172,196,246,207,131,108,326,1474,34821,
2020-04-13,94,215,230,299,304,195,145,565,2047,36868,
2020-04-14,84,198,229,265,237,162,140,478,1793,38661,
2020-04-15,111,218,236,248,251,175,162,470,1871,40532,
2020-04-16,125,180,213,251,206,182,155,623,1935,42467,
2020-04-17,106,204,227,295,260,155,154,471,1872,44339,
2020-04-18,97,196,207,219,277,149,148,371,1664,46003,
2020-04-19,71,134,166,205,197,93,93,308,1267,47270,
2020-04-20,92,235,234,279,264,178,139,391,1812,49082,
2020-04-21,74,155,201,219,203,126,105,355,1438,50520,
2020-04-22,93,168,195,220,233,124,126,388,1547,52067,
2020-04-23,93,190,210,208,225,162,117,368,1573,53640,
2020-04-24,92,179,238,239,227,120,118,297,1510,55150,
2020-04-25,105,189,183,228,195,129,97,285,1411,56561,
2020-04-26,115,204,197,205,188,113,88,233,1343,57904,
2020-04-27,109,200,217,244,255,161,150,337,1673,59577,
2020-04-28,115,181,212,227,181,149,123,329,1517,61094,
2020-04-29,88,189,202,206,195,144,127,341,1492,62586,
2020-04-30,84,185,180,187,239,138,116,320,1449,64035,
2020-05-01,90,208,238,269,251,118,104,310,1588,65623,
2020-05-02,87,152,164,173,182,80,73,176,1087,66710,
2020-05-03,100,145,142,165,141,93,73,180,1039,67749,
2020-05-04,85,178,152,207,207,106,99,287,1321,69070,
2020-05-05,88,160,157,164,193,85,118,294,1259,70329,
2020-05-06,97,133,148,155,183,101,86,189,1092,71421,
2020-05-07,80,165,152,148,184,115,73,217,1134,72555,
2020-05-08,84,158,184,167,189,88,82,211,1163,73718,
2020-05-09,71,133,129,157,177,94,87,186,1034,74752,
2020-05-10,77,142,138,131,136,87,83,176,970,75722,
2020-05-11,101,184,177,163,187,105,82,231,1230,76952,
2020-05-12,100,174,129,139,160,99,91,195,1087,78039,
2020-05-13,78,140,162,138,173,108,77,221,1097,79136,
2020-05-14,111,153,147,151,147,117,78,253,1157,80293,
2020-05-15,96,184,184,184,171,134,82,237,1272,81565,
2020-05-16,83,144,137,151,182,102,63,134,996,82561,
2020-05-17,82,145,143,151,132,81,59,128,921,83482,
2020-05-18,110,163,161,154,144,86,80,182,1080,84562,
2020-05-19,87,150,125,143,147,75,62,152,941,85503,
2020-05-20,108,181,127,167,144,98,69,202,1096,86599,
2020-05-21,90,159,116,137,116,75,47,132,872,87471,
2020-05-22,87,135,131,135,130,71,57,98,844,88315,
2020-05-23,83,130,90,119,111,66,29,76,704,89019,
2020-05-24,70,101,83,110,104,61,35,80,644,89663,
2020-05-25,90,144,125,117,122,79,50,101,828,90491,
2020-05-26,68,116,122,111,84,70,54,96,721,91212,
2020-05-27,64,114,104,105,104,62,47,113,713,91925,
2020-05-28,53,90,84,82,92,50,43,86,580,92505,
2020-05-29,58,111,112,126,90,67,44,88,696,93201,
2020-05-30,56,109,103,99,71,47,26,48,559,93760,
2020-05-31,60,100,81,57,63,24,23,26,434,94194,
2020-06-01,62,122,117,83,94,50,41,92,661,94855,
2020-06-02,52,95,92,67,75,46,20,50,497,95352,
2020-06-03,79,100,85,62,49,47,20,43,485,95837,
2020-06-04,66,93,63,60,54,42,27,46,451,96288,
2020-06-05,55,100,49,80,66,39,28,27,444,96732,
2020-06-06,44,77,63,47,46,40,22,32,371,97103,
2020-06-07,50,66,57,42,35,21,22,27,320,97423,
2020-06-08,59,78,67,61,53,30,26,30,404,97827,
2020-06-09,45,88,65,42,40,36,30,26,372,98199,
2020-06-10,47,88,73,69,60,37,21,38,433,98632,
2020-06-11,50,68,54,51,55,29,25,29,361,98993,
2020-06-12,54,76,61,52,63,24,26,18,374,99367,
2020-06-13,37,68,48,30,29,17,12,27,268,99635,
2020-06-14,33,82,47,43,38,28,15,17,303,99938,
2020-06-15,57,79,56,54,57,38,20,25,386,100324,
2020-06-16,46,77,59,58,36,35,18,22,351,100675,
2020-06-17,42,84,53,43,43,34,16,27,342,101017,
2020-06-18,29,79,50,45,36,28,15,21,303,101320,
2020-06-19,46,75,58,42,52,25,14,19,331,101651,
2020-06-20,38,61,50,44,39,24,11,17,284,101935,
2020-06-21,30,62,59,35,29,23,15,20,273,102208,
2020-06-22,41,69,59,43,58,27,18,17,332,102540,
2020-06-23,46,67,61,50,45,20,15,14,318,102858,
2020-06-24,41,64,46,36,40,18,15,20,280,103138,
2020-06-25,39,119,68,61,39,24,18,21,389,103527,
2020-06-26,47,61,47,25,31,25,8,17,261,103788,
2020-06-27,41,57,53,29,39,21,13,16,269,104057,
2020-06-28,37,70,55,39,28,18,12,11,270,104327,
2020-06-29,56,58,59,42,38,29,13,22,317,104644,
2020-06-30,43,63,50,47,35,19,19,14,290,104934,
2020-07-01,45,52,39,50,37,26,7,19,275,105209,
2020-07-02,38,47,36,45,31,31,9,15,252,105461,
2020-07-03,39,73,45,28,44,28,11,13,281,105742,
2020-07-04,56,63,35,38,30,37,13,13,285,106027,
2020-07-05,58,60,39,32,34,23,12,8,266,106293,
2020-07-06,63,128,98,54,42,34,29,25,473,106766,
2020-07-07,69,112,70,55,43,37,14,23,423,107189,
2020-07-08,67,106,76,50,51,42,15,19,426,107615,
2020-07-09,64,100,72,58,54,24,13,17,402,108017,
2020-07-10,68,67,59,57,65,36,18,16,386,108403,
2020-07-11,52,117,63,34,32,33,15,17,363,108766,
2020-07-12,31,149,75,38,39,25,12,13,382,109148,
2020-07-13,71,183,108,63,78,50,21,27,601,109749,
2020-07-14,63,175,94,75,54,39,15,11,526,110275,
2020-07-15,56,167,103,83,67,35,13,23,547,110822,
2020-07-16,58,145,65,58,49,24,16,26,441,111263,
2020-07-17,67,127,96,61,62,33,12,18,476,111739,
2020-07-18,61,117,62,48,55,28,13,14,398,112137,
2020-07-19,59,104,46,51,44,32,18,16,370,112507,
2020-07-20,80,137,86,74,63,31,25,20,516,113023,
2020-07-21,86,147,77,61,41,31,12,22,477,113500,
2020-07-22,85,129,73,38,46,27,15,19,432,113932,
2020-07-23,84,89,61,49,47,31,21,15,397,114329,
2020-07-24,80,83,67,54,49,34,21,9,397,114726,
2020-07-25,48,72,55,37,38,25,13,4,292,115018,
2020-07-26,70,66,65,36,37,19,10,5,308,115326,
2020-07-27,82,136,72,49,44,30,17,14,444,115770,
2020-07-28,65,86,63,49,39,25,10,18,355,116125,
2020-07-29,72,89,79,57,34,17,11,8,367,116492,
2020-07-30,44,85,57,35,42,22,5,8,298,116790,
2020-07-31,49,64,59,47,30,23,15,9,296,117086,
2020-08-01,54,95,47,40,30,17,11,8,302,117388,
2020-08-02,55,69,51,37,32,23,8,7,282,117670,
2020-08-03,68,97,78,44,49,24,11,5,376,118046,
2020-08-04,57,108,66,49,56,24,12,11,383,118429,
2020-08-05,58,89,73,59,36,24,13,2,354,118783,
2020-08-06,43,87,59,43,43,20,12,14,321,119104,
2020-08-07,60,91,77,50,32,18,13,8,349,119453,
2020-08-08,53,67,67,43,42,16,12,7,307,119760,
2020-08-09,41,93,65,40,25,22,12,3,301,120061,
2020-08-10,63,101,86,47,37,29,20,10,393,120454,
2020-08-11,61,114,72,34,44,35,23,7,390,120844,
2020-08-12,61,92,64,48,45,28,16,6,360,121204,
2020-08-13,84,95,59,46,33,14,12,7,350,121554,
2020-08-14,38,88,63,57,38,18,9,10,321,121875,
2020-08-15,57,78,65,49,34,25,20,6,334,122209,
2020-08-16,42,86,71,54,47,25,12,15,352,122561,
2020-08-17,70,146,84,73,48,31,17,7,476,123037,
2020-08-18,67,108,72,52,39,19,16,7,380,123417,
2020-08-19,84,91,67,50,41,22,27,14,396,123813,
2020-08-20,75,85,78,51,50,21,25,10,395,124208,
2020-08-21,60,91,77,59,28,41,16,9,381,124589,
2020-08-22,65,103,58,63,40,30,9,11,379,124968,
2020-08-23,58,85,68,65,42,28,10,16,372,125340,
2020-08-24,105,121,84,68,67,40,23,14,522,125862,
2020-08-25,93,139,100,77,55,45,24,16,549,126411,
2020-08-26,95,122,92,86,58,37,16,12,518,126929,
2020-08-27,58,88,82,81,55,23,22,16,425,127354,
2020-08-28,106,115,74,81,43,49,29,13,510,127864,
2020-08-29,60,92,79,52,58,36,15,9,401,128265,
2020-08-30,76,113,112,60,51,41,29,4,486,128751,
2020-08-31,111,146,95,80,74,39,18,14,577,129328,
2020-09-01,118,176,123,87,70,43,25,21,663,129991,
2020-09-02,102,168,130,80,74,43,22,17,636,130627,
2020-09-03,117,152,98,81,52,34,23,11,568,131195,
2020-09-04,124,160,120,94,52,47,31,11,639,131834,
2020-09-05,122,151,97,74,53,36,25,19,577,132411,
2020-09-06,110,176,107,84,67,35,11,14,604,133015,
2020-09-07,118,224,118,109,78,48,16,13,724,133739,
2020-09-08,145,244,137,100,107,62,35,18,848,134587,
2020-09-09,157,245,145,129,80,59,22,14,851,135438,
2020-09-10,144,247,136,114,81,56,27,14,819,136257,
2020-09-11,142,223,154,108,90,57,29,20,823,137080,
2020-09-12,164,253,148,107,97,68,28,30,895,137975,
2020-09-13,138,237,149,107,86,59,20,11,807,138782,
2020-09-14,204,300,202,142,117,64,35,9,1073,139855,
2020-09-15,195,374,182,146,106,67,26,23,1119,140974,
2020-09-16,196,332,158,138,122,66,36,37,1085,142059,
2020-09-17,226,258,166,132,117,58,41,24,1022,143081,
2020-09-18,218,257,166,149,127,53,28,26,1024,144105,
2020-09-19,178,227,172,139,93,58,30,17,914,145019,
2020-09-20,157,230,153,110,101,63,39,23,876,145895,
2020-09-21,195,292,201,137,136,82,23,35,1101,146996,
2020-09-22,173,260,215,125,108,68,38,27,1014,148010,
2020-09-23,149,248,186,126,102,62,26,26,925,148935,
2020-09-24,141,226,176,126,96,51,24,35,875,149810,
2020-09-25,145,217,119,105,109,54,26,25,800,150610,
2020-09-26,118,182,109,97,70,33,19,16,644,151254,
2020-09-27,107,150,116,91,66,41,19,22,612,151866,
2020-09-28,108,181,124,114,82,51,27,45,732,152598,
2020-09-29,94,196,137,100,93,36,26,31,713,153311,
2020-09-30,92,181,97,89,68,46,17,21,611,153922,
2020-10-01,78,119,90,72,75,42,9,15,500,154422,
2020-10-02,61,98,78,57,42,20,13,27,396,154818,
2020-10-03,51,60,57,40,38,34,11,11,302,155120,
2020-10-04,15,37,28,19,16,17,7,3,142,155262,
2020-10-05,12,30,23,19,16,18,8,5,131,155393,
2020-10-06,3,4,6,4,4,4,2,4,31,155424,
2020-10-07,0,0,0,0,0,0,0,0,0,155424,
2020-10-08,0,0,0,0,0,0,0,0,0,155424,