date,0-19,20-29,30-39,40-49,50-59,60-69,70-79,80+,new,cumulative-n-age,shaded
2020-01-15,0,0,1,0,0,0,0,0,1,1,14
2020-01-16,0,0,0,0,1,0,0,0,1,2,
2020-01-17,0,0,0,0,0,0,0,0,0,2,
2020-01-18,0,0,0,0,0,0,0,0,0,2,
2020-01-19,0,0,0,0,0,0,0,0,0,2,
2020-01-20,0,0,0,0,0,0,0,0,0,2,
2020-01-21,0,0,0,0,1,0,0,0,1,3,
2020-01-22,0,0,0,1,1,0,0,0,2,5,
2020-01-23,0,0,0,0,0,0,0,0,0,5,
2020-01-24,0,2,0,0,0,0,0,0,2,7,
2020-01-25,0,0,0,0,0,0,0,0,0,7,
2020-01-26,0,1,0,0,0,0,0,0,1,8,
2020-01-27,0,0,0,0,1,0,0,0,1,9,
2020-01-28,0,1,0,1,0,0,0,0,2,11,
2020-01-29,0,0,0,0,0,0,0,0,0,11,
2020-01-30,0,0,0,0,0,0,0,0,0,11,
2020-01-31,0,0,2,0,0,0,0,0,2,13,
2020-02-01,0,0,0,0,1,1,0,0,2,15,
2020-02-02,0,1,1,0,0,0,0,0,2,17,
2020-02-03,0,0,0,0,1,0,0,0,1,18,
2020-02-04,0,0,0,0,0,0,0,2,2,20,
2020-02-05,0,2,0,0,0,0,0,0,2,22,
2020-02-06,0,0,0,0,0,0,0,0,0,22,
2020-02-07,1,0,0,0,0,0,0,0,1,23,
2020-02-08,0,0,0,0,0,0,0,0,0,23,
2020-02-09,0,0,2,0,0,0,0,0,2,25,
2020-02-10,0,0,0,0,0,2,0,0,2,27,
2020-02-11,0,0,0,0,0,0,0,1,1,28,
2020-02-12,0,0,0,0,1,0,0,0,1,29,
2020-02-13,0,0,0,1,0,0,0,0,1,30,
2020-02-14,0,0,2,0,0,1,1,0,4,34,
2020-02-15,1,0,0,1,0,0,0,0,2,36,
2020-02-16,0,0,0,0,0,1,0,0,1,37,
2020-02-17,0,1,0,0,0,1,0,0,2,39,
2020-02-18,0,0,0,1,0,0,0,1,2,41,
2020-02-19,0,1,0,2,0,0,0,0,3,44,
2020-02-20,0,0,2,0,1,1,2,1,7,51,
2020-02-21,0,0,0,1,0,1,0,0,2,53,
2020-02-22,0,0,0,1,1,0,3,0,5,58,
2020-02-23,2,3,1,2,3,4,1,0,16,74,
2020-02-24,1,0,3,1,5,1,3,0,14,88,
2020-02-25,1,1,1,1,3,7,1,0,15,103,
2020-02-26,2,1,1,3,1,4,0,0,12,115,
2020-02-27,1,3,5,2,7,4,1,2,25,140,
2020-02-28,0,1,4,3,5,8,2,12,35,175,
2020-02-29,0,3,3,5,5,7,1,3,27,202,
2020-03-01,1,2,10,7,8,9,7,6,50,252,
2020-03-02,4,3,12,7,9,5,5,2,47,299,
2020-03-03,0,4,7,4,11,17,6,4,53,352,
2020-03-04,3,6,4,8,12,11,6,2,52,404,
2020-03-05,1,6,12,9,12,13,6,4,63,467,
2020-03-06,4,8,15,11,13,15,8,9,83,550,
2020-03-07,6,11,9,16,24,13,5,5,89,639,
2020-03-08,4,14,19,28,34,20,8,4,131,770,
2020-03-09,8,30,38,39,53,33,18,5,224,994,
2020-03-10,13,23,46,38,56,50,22,12,260,1254,
2020-03-11,12,46,49,62,51,38,27,11,296,1550,
2020-03-12,11,53,76,77,76,44,38,15,390,1940,
2020-03-13,29,58,66,89,81,75,41,17,456,2396,
2020-03-14,23,51,61,77,103,82,50,18,465,2861,
2020-03-15,23,75,108,99,115,90,53,36,599,3460,
2020-03-16,38,123,140,154,158,132,58,27,830,4290,
2020-03-17,43,111,160,157,175,119,70,44,879,5169,
2020-03-18,48,150,146,168,173,133,85,45,948,6117,
2020-03-19,42,127,116,141,139,133,73,35,806,6923,
2020-03-20,53,153,162,157,189,177,69,61,1021,7944,
2020-03-21,53,131,151,136,151,132,79,49,882,8826,
2020-03-22,51,133,122,145,170,131,56,59,867,9693,
2020-03-23,57,161,173,163,193,146,82,89,1064,10757,
2020-03-24,61,153,133,152,167,133,83,72,954,11711,
2020-03-25,59,142,136,164,167,119,76,105,968,12679,
2020-03-26,55,111,118,145,184,127,73,98,911,13590,
2020-03-27,45,145,114,163,170,128,76,104,945,14535,
2020-03-28,49,119,137,163,163,115,85,118,949,15484,
2020-03-29,49,113,115,140,148,102,82,111,860,16344,
2020-03-30,58,129,147,211,186,124,91,186,1132,17476,
2020-03-31,43,124,122,167,141,114,91,162,964,18440,
2020-04-01,79,136,171,185,219,155,124,216,1285,19725,
2020-04-02,68,118,135,225,174,113,86,243,1162,20887,
2020-04-03,66,132,161,224,206,143,114,281,1327,22214,
2020-04-04,57,119,152,182,209,104,96,228,1147,23361,
2020-04-05,44,139,133,178,150,106,81,237,1068,24429,
2020-04-06,77,162,196,233,222,136,104,269,1399,25828,
2020-04-07,63,131,163,208,221,114,109,265,1274,27102,
2020-04-08,93,140,192,226,222,112,95,330,1410,28512,
2020-04-09,76,127,190,258,223,131,116,338,1459,29971,
2020-04-10,85,201,221,272,251,161,124,426,1741,31712,
2020-04-11,70,154,186,246,244,148,104,474,1626,33338,
2020-04-12,89,175,196,243,209,131,109,323,1475,34813,
2020-04-13,93,214,233,299,298,192,146,563,2038,36851,
2020-04-14,84,196,229,261,241,160,138,472,1781,38632,
2020-04-15,111,220,237,249,246,173,162,470,1868,40500,
2020-04-16,123,177,208,255,208,184,157,626,1938,42438,
2020-04-17,106,202,230,295,260,154,153,468,1868,44306,
2020-04-18,97,196,206,215,273,150,148,378,1663,45969,
2020-04-19,72,135,171,207,199,96,92,306,1278,47247,
2020-04-20,91,238,230,277,261,175,134,387,1793,49040,
2020-04-21,75,150,200,219,207,125,107,356,1439,50479,
2020-04-22,92,168,194,220,233,124,127,386,1544,52023,
2020-04-23,93,192,209,208,225,164,119,371,1581,53604,
2020-04-24,91,178,238,242,228,119,118,294,1508,55112,
2020-04-25,104,185,181,228,192,129,98,286,1403,56515,
2020-04-26,114,206,196,205,189,118,90,236,1354,57869,
2020-04-27,110,202,215,242,257,160,150,341,1677,59546,
2020-04-28,116,179,215,230,187,149,121,327,1524,61070,
2020-04-29,88,190,202,206,191,141,128,345,1491,62561,
2020-04-30,84,177,178,187,239,139,122,319,1445,64006,
2020-05-01,88,213,240,267,250,117,102,316,1593,65599,
2020-05-02,89,153,160,168,181,80,68,173,1072,66671,
2020-05-03,97,145,141,167,144,95,76,182,1047,67718,
2020-05-04,86,180,153,208,208,109,98,283,1325,69043,
2020-05-05,88,158,156,163,195,84,119,294,1257,70300,
2020-05-06,95,132,149,154,177,103,88,195,1093,71393,
2020-05-07,80,166,148,149,182,111,73,214,1123,72516,
2020-05-08,84,156,183,163,189,86,78,206,1145,73661,
2020-05-09,71,136,129,158,174,97,88,186,1039,74700,
2020-05-10,77,139,137,133,139,89,83,188,985,75685,
2020-05-11,98,184,177,161,187,103,85,225,1220,76905,
2020-05-12,99,174,129,138,161,102,90,205,1098,78003,
2020-05-13,78,144,160,137,172,107,73,218,1089,79092,
2020-05-14,111,154,155,153,146,120,81,254,1174,80266,
2020-05-15,93,181,178,182,173,136,85,249,1277,81543,
2020-05-16,86,146,135,156,182,98,61,121,985,82528,
2020-05-17,78,142,148,148,136,81,56,129,918,83446,
2020-05-18,110,165,157,154,143,85,84,179,1077,84523,
2020-05-19,89,153,131,147,147,72,56,149,944,85467,
2020-05-20,103,179,123,171,141,102,70,205,1094,86561,
2020-05-21,93,151,119,127,116,74,46,130,856,87417,
2020-05-22,87,136,130,139,131,68,59,100,850,88267,
2020-05-23,79,134,95,124,110,66,28,78,714,88981,
2020-05-24,70,98,83,106,106,66,36,80,645,89626,
2020-05-25,89,146,126,119,117,76,52,104,829,90455,
2020-05-26,73,115,119,114,89,74,51,90,725,91180,
2020-05-27,60,111,101,97,106,60,47,110,692,91872,
2020-05-28,54,98,86,83,90,49,39,86,585,92457,
2020-05-29,58,103,108,128,90,68,44,91,690,93147,
2020-05-30,57,113,105,94,70,44,26,39,548,93695,
2020-05-31,64,98,92,64,75,32,25,33,483,94178,
2020-06-01,60,119,107,78,85,44,38,82,613,94791,
2020-06-02,49,96,90,64,75,51,21,49,495,95286,
2020-06-03,83,105,88,71,48,45,19,50,509,95795,
2020-06-04,65,88,57,54,55,42,31,42,434,96229,
2020-06-05,55,98,51,78,61,36,26,25,430,96659,
2020-06-06,46,78,65,49,48,39,24,39,388,97047,
2020-06-07,51,70,60,43,40,24,19,20,327,97374,
2020-06-08,52,75,63,60,49,28,29,37,393,97767,
2020-06-09,46,84,66,42,41,37,26,19,361,98128,
2020-06-10,47,87,71,67,59,35,21,34,421,98549,
2020-06-11,50,67,54,52,55,29,26,30,363,98912,
2020-06-12,55,76,61,49,63,24,24,19,371,99283,
2020-06-13,37,67,50,32,31,17,12,28,274,99557,
2020-06-14,34,81,46,42,39,29,16,17,304,99861,
2020-06-15,57,82,56,55,56,37,19,27,389,100250,
2020-06-16,48,80,59,58,36,36,18,20,355,100605,
2020-06-17,43,85,55,43,44,34,16,26,346,100951,
2020-06-18,31,78,51,48,36,29,14,22,309,101260,
2020-06-19,44,74,58,41,52,26,14,19,328,101588,
2020-06-20,39,63,48,43,42,23,10,17,285,101873,
2020-06-21,30,61,60,35,30,23,15,21,275,102148,
2020-06-22,43,70,61,42,57,27,17,17,334,102482,
2020-06-23,46,67,58,51,46,20,15,14,317,102799,
2020-06-24,40,64,46,36,39,18,15,20,278,103077,
2020-06-25,39,120,70,61,37,23,18,21,389,103466,
2020-06-26,47,60,48,25,31,25,8,20,264,103730,
2020-06-27,42,57,53,29,40,21,13,15,270,104000,
2020-06-28,37,72,55,41,27,17,12,13,274,104274,
2020-06-29,56,57,61,42,38,29,12,21,316,104590,
2020-06-30,45,64,50,47,36,19,19,14,294,104884,
2020-07-01,45,50,39,51,37,27,7,19,275,105159,
2020-07-02,37,49,36,46,33,32,9,15,257,105416,
2020-07-03,40,75,45,28,43,27,11,14,283,105699,
2020-07-04,56,61,35,41,31,37,14,13,288,105987,
2020-07-05,60,62,41,31,34,24,12,9,273,106260,
2020-07-06,63,126,99,57,42,35,30,22,474,106734,
2020-07-07,69,113,69,53,44,36,12,24,420,107154,
2020-07-08,67,108,77,49,51,42,16,19,429,107583,
2020-07-09,64,96,71,59,57,25,11,17,400,107983,
2020-07-10,71,68,62,60,67,36,18,17,399,108382,
2020-07-11,51,122,64,34,32,33,15,17,368,108750,
2020-07-12,32,149,75,37,42,25,11,13,384,109134,
2020-07-13,72,181,111,65,74,49,21,27,600,109734,
2020-07-14,64,179,96,77,57,39,15,13,540,110274,
2020-07-15,57,173,100,84,66,35,13,21,549,110823,
2020-07-16,57,149,66,61,50,24,16,26,449,111272,
2020-07-17,68,128,97,59,62,37,13,18,482,111754,
2020-07-18,61,115,62,48,56,27,14,14,397,112151,
2020-07-19,61,104,46,55,47,33,18,16,380,112531,
2020-07-20,81,138,86,75,65,31,24,20,520,113051,
2020-07-21,89,151,79,59,41,31,12,22,484,113535,
2020-07-22,87,130,77,41,46,26,16,20,443,113978,
2020-07-23,86,94,62,48,47,32,19,14,402,114380,
2020-07-24,83,85,71,59,51,34,21,9,413,114793,
2020-07-25,51,76,57,39,39,24,13,6,305,115098,
2020-07-26,74,71,62,42,37,22,11,7,326,115424,
2020-07-27,79,142,81,47,47,30,17,18,461,115885,
2020-07-28,67,93,66,56,47,32,13,21,395,116280,
2020-07-29,75,96,79,55,37,15,12,9,378,116658,
2020-07-30,49,95,63,43,43,25,5,8,331,116989,
2020-07-31,55,69,61,48,33,22,16,11,315,117304,
2020-08-01,57,100,52,43,30,19,12,8,321,117625,
2020-08-02,60,88,59,37,35,26,9,9,323,117948,
2020-08-03,79,110,82,49,54,28,12,9,423,118371,
2020-08-04,64,109,72,56,61,25,13,11,411,118782,
2020-08-05,59,93,72,60,39,23,17,3,366,119148,
2020-08-06,49,91,67,50,42,23,12,15,349,119497,
2020-08-07,64,93,82,48,41,21,15,10,374,119871,
2020-08-08,52,74,69,48,38,17,15,7,320,120191,
2020-08-09,44,96,60,35,30,22,12,6,305,120496,
2020-08-10,68,104,95,52,37,31,21,18,426,120922,
2020-08-11,66,125,78,42,50,40,26,13,440,121362,
2020-08-12,60,86,63,50,46,26,18,7,356,121718,
2020-08-13,90,101,64,53,37,14,14,10,383,122101,
2020-08-14,43,93,66,55,43,24,12,10,346,122447,
2020-08-15,55,83,64,57,40,21,20,9,349,122796,
2020-08-16,47,93,71,50,49,30,12,15,367,123163,
2020-08-17,74,146,88,71,46,29,20,14,488,123651,
2020-08-18,79,107,73,55,37,17,18,10,396,124047,
2020-08-19,83,98,66,53,46,27,28,17,418,124465,
2020-08-20,78,89,82,54,50,22,27,10,412,124877,
2020-08-21,68,95,73,66,25,40,17,9,393,125270,
2020-08-22,72,102,58,65,41,32,10,13,393,125663,
2020-08-23,53,92,69,62,47,32,13,15,383,126046,
2020-08-24,111,120,85,70,67,43,25,14,535,126581,
2020-08-25,105,149,102,80,55,44,24,17,576,127157,
2020-08-26,92,124,98,90,61,40,18,12,535,127692,
2020-08-27,65,92,81,81,58,29,24,20,450,128142,
2020-08-28,119,114,80,82,47,51,29,12,534,128676,
2020-08-29,63,100,83,57,59,35,18,9,424,129100,
2020-08-30,83,122,115,61,61,42,27,6,517,129617,
2020-08-31,119,152,97,86,77,38,22,18,609,130226,
2020-09-01,133,179,132,93,78,46,29,24,714,130940,
2020-09-02,113,179,132,87,79,46,22,18,676,131616,
2020-09-03,126,152,104,86,61,39,28,14,610,132226,
2020-09-04,138,172,127,96,54,46,33,20,686,132912,
2020-09-05,131,156,103,85,55,40,33,41,644,133556,
2020-09-06,121,190,111,85,71,40,12,25,655,134211,
2020-09-07,130,228,124,116,80,52,21,19,770,134981,
2020-09-08,162,258,151,105,116,74,42,23,931,135912,
2020-09-09,189,258,155,139,89,64,27,25,946,136858,
2020-09-10,168,264,145,124,92,61,30,18,902,137760,
2020-09-11,163,243,162,114,96,62,36,32,908,138668,
2020-09-12,181,263,158,114,106,70,35,35,962,139630,
2020-09-13,167,263,165,119,99,74,24,33,944,140574,
2020-09-14,242,328,229,155,127,76,44,20,1221,141795,
2020-09-15,247,416,195,168,117,84,39,39,1305,143100,
2020-09-16,253,379,183,161,149,88,45,46,1304,144404,
2020-09-17,276,303,197,161,146,72,48,31,1234,145638,
2020-09-18,324,331,203,189,159,69,41,47,1363,147001,
2020-09-19,254,298,222,185,123,78,52,33,1245,148246,
2020-09-20,251,307,225,157,156,92,53,37,1278,149524,
2020-09-21,330,429,302,247,209,131,60,58,1766,151290,
2020-09-22,312,452,321,241,218,140,76,53,1813,153103,
2020-09-23,333,442,311,241,220,139,64,68,1818,154921,
2020-09-24,329,424,338,290,225,144,56,68,1874,156795,
2020-09-25,373,480,324,261,256,159,92,83,2028,158823,
2020-09-26,320,402,293,276,227,138,63,77,1796,160619,
2020-09-27,342,412,325,279,243,153,88,76,1918,162537,
2020-09-28,422,545,399,323,284,172,87,146,2378,164915,
2020-09-29,374,545,374,316,269,162,104,95,2239,167154,
2020-09-30,369,503,399,313,272,178,75,115,2224,169378,
2020-10-01,404,443,331,296,279,187,91,76,2107,171485,
2020-10-02,373,397,353,326,272,192,100,93,2106,173591,
2020-10-03,315,413,301,284,235,156,59,52,1815,175406,
2020-10-04,361,403,324,272,235,145,85,52,1877,177283,
2020-10-05,415,493,396,336,306,198,119,98,2361,179644,
2020-10-06,377,466,367,332,292,188,84,111,2217,181861,
2020-10-07,400,433,371,305,283,163,122,150,2227,184088,
2020-10-08,406,340,325,322,321,201,102,141,2158,186246,
2020-10-09,376,406,362,359,328,181,95,132,2239,188485,
2020-10-10,369,358,326,328,300,184,78,94,2037,190522,
2020-10-11,386,365,298,272,256,152,85,94,1908,192430,
2020-10-12,436,430,328,336,325,196,99,112,2262,194692,
2020-10-13,489,501,388,361,366,198,108,152,2563,197255,
2020-10-14,439,500,413,382,320,188,110,114,2466,199721,
2020-10-15,500,495,360,388,307,176,139,136,2501,202222,
2020-10-16,492,481,376,392,332,203,122,170,2568,204790,
2020-10-17,424,475,360,329,346,202,81,107,2324,207114,
2020-10-18,397,429,357,316,338,180,92,127,2236,209350,
2020-10-19,588,542,419,435,394,209,120,153,2860,212210,
2020-10-20,506,500,464,395,369,237,109,152,2732,214942,
2020-10-21,492,526,438,427,377,204,115,179,2758,217700,
2020-10-22,527,522,419,413,333,223,112,157,2706,220406,
2020-10-23,528,540,436,405,355,227,116,162,2769,223175,
2020-10-24,465,466,419,382,369,221,107,127,2556,225731,
2020-10-25,517,419,395,398,385,199,118,148,2579,228310,
2020-10-26,634,597,490,491,401,265,163,223,3264,231574,
2020-10-27,599,607,509,453,428,239,154,240,3229,234803,
2020-10-28,610,642,515,486,462,268,169,261,3413,238216,
2020-10-29,532,548,475,421,408,247,146,172,2949,241165,
2020-10-30,614,570,492,475,494,258,147,154,3204,244369,
2020-10-31,583,577,548,472,423,219,123,139,3084,247453,
2020-11-01,570,591,495,465,358,264,133,131,3007,250460,
2020-11-02,847,843,673,606,509,345,210,278,4311,254771,
2020-11-03,748,851,648,647,490,330,171,222,4107,258878,
2020-11-04,853,773,659,579,530,340,199,216,4149,263027,
2020-11-05,749,735,595,585,475,324,185,255,3903,266930,
2020-11-06,717,752,617,579,535,364,196,282,4042,270972,
2020-11-07,623,634,560,553,480,280,158,238,3526,274498,
2020-11-08,611,599,477,443,372,244,136,151,3033,277531,
2020-11-09,695,714,581,560,481,324,166,265,3786,281317,
2020-11-10,697,770,564,528,455,288,147,210,3659,284976,
2020-11-11,627,635,518,470,420,262,158,218,3308,288284,
2020-11-12,564,534,501,426,351,243,173,200,2992,291276,
2020-11-13,445,433,436,384,355,214,105,187,2559,293835,
2020-11-14,297,334,271,265,271,169,70,105,1782,295617,
2020-11-15,213,213,181,145,164,101,65,89,1171,296788,
2020-11-16,221,257,204,185,182,112,61,111,1333,298121,
2020-11-17,173,168,150,134,135,85,53,66,964,299085,
2020-11-18,33,54,46,35,48,17,14,30,277,299362,
2020-11-19,0,2,3,0,3,0,0,2,10,299372,
2020-11-20,0,0,0,0,0,0,0,0,0,299372,