date,0-19,20-29,30-39,40-49,50-59,60-69,70-79,80+,new,cumulative-n-age,shaded
2020-01-15,0,0,1,0,0,0,0,0,1,1,14
2020-01-16,1,0,0,0,1,0,0,0,2,3,
2020-01-17,0,0,0,0,0,0,0,0,0,3,
2020-01-18,0,0,0,0,0,0,0,0,0,3,
2020-01-19,0,0,0,0,0,0,0,0,0,3,
2020-01-20,0,0,0,0,0,0,0,0,0,3,
2020-01-21,0,0,0,0,1,0,0,0,1,4,
2020-01-22,0,0,0,1,1,0,0,0,2,6,
2020-01-23,0,0,0,0,0,0,0,0,0,6,
2020-01-24,0,2,0,0,0,0,0,0,2,8,
2020-01-25,0,0,0,0,0,0,0,0,0,8,
2020-01-26,0,1,0,0,0,0,0,0,1,9,
2020-01-27,0,0,0,0,1,0,0,0,1,10,
2020-01-28,0,1,0,0,0,0,0,0,1,11,
2020-01-29,0,0,0,0,0,0,0,0,0,11,
2020-01-30,0,0,0,0,0,0,0,0,0,11,
2020-01-31,0,0,1,0,0,0,0,0,1,12,
2020-02-01,0,0,0,0,1,1,0,0,2,14,
2020-02-02,0,1,1,0,0,0,0,0,2,16,
2020-02-03,0,0,0,0,1,0,0,0,1,17,
2020-02-04,0,0,0,0,0,0,0,2,2,19,
2020-02-05,0,2,0,0,0,0,0,0,2,21,
2020-02-06,0,0,0,0,0,0,0,0,0,21,
2020-02-07,1,0,0,0,0,0,0,0,1,22,
2020-02-08,0,0,0,0,0,0,0,0,0,22,
2020-02-09,0,0,1,0,0,0,0,0,1,23,
2020-02-10,0,0,0,0,0,2,0,0,2,25,
2020-02-11,0,0,0,0,0,0,0,1,1,26,
2020-02-12,0,0,0,0,1,0,0,0,1,27,
2020-02-13,0,0,0,1,0,0,0,0,1,28,
2020-02-14,0,0,2,0,0,1,1,0,4,32,
2020-02-15,1,0,0,1,0,0,0,0,2,34,
2020-02-16,0,0,0,0,0,1,0,0,1,35,
2020-02-17,0,1,0,0,0,1,0,0,2,37,
2020-02-18,0,0,0,1,0,0,0,1,2,39,
2020-02-19,0,1,0,2,0,0,0,0,3,42,
2020-02-20,0,0,2,0,1,1,2,1,7,49,
2020-02-21,0,0,0,1,0,1,0,0,2,51,
2020-02-22,0,0,0,1,1,0,3,0,5,56,
2020-02-23,2,3,1,2,3,4,1,0,16,72,
2020-02-24,1,0,3,1,5,1,3,0,14,86,
2020-02-25,1,1,1,1,3,7,1,0,15,101,
2020-02-26,2,1,1,3,1,4,0,0,12,113,
2020-02-27,1,3,5,2,7,4,1,2,25,138,
2020-02-28,0,1,4,3,5,8,2,12,35,173,
2020-02-29,0,3,3,5,5,7,1,3,27,200,
2020-03-01,1,2,9,7,8,9,7,6,49,249,
2020-03-02,4,3,12,7,9,5,5,2,47,296,
2020-03-03,0,4,7,4,11,17,6,4,53,349,
2020-03-04,3,5,4,8,12,11,6,2,51,400,
2020-03-05,1,6,12,9,12,13,6,4,63,463,
2020-03-06,4,8,15,11,13,15,8,9,83,546,
2020-03-07,6,11,9,16,24,13,5,5,89,635,
2020-03-08,4,14,19,28,34,20,8,4,131,766,
2020-03-09,8,30,38,39,53,33,18,5,224,990,
2020-03-10,13,23,46,38,56,50,22,12,260,1250,
2020-03-11,12,46,49,62,51,38,27,10,295,1545,
2020-03-12,11,53,75,77,76,44,38,14,388,1933,
2020-03-13,29,58,66,89,81,75,41,17,456,2389,
2020-03-14,23,51,61,77,104,82,50,18,466,2855,
2020-03-15,23,76,108,99,115,90,53,36,600,3455,
2020-03-16,38,123,141,154,158,132,58,27,831,4286,
2020-03-17,43,111,160,157,175,119,70,44,879,5165,
2020-03-18,48,151,146,167,173,133,85,45,948,6113,
2020-03-19,42,127,117,142,139,133,73,34,807,6920,
2020-03-20,53,153,162,157,189,176,69,61,1020,7940,
2020-03-21,53,132,151,136,151,132,79,49,883,8823,
2020-03-22,51,133,122,145,170,131,56,59,867,9690,
2020-03-23,57,161,173,163,193,146,82,89,1064,10754,
2020-03-24,61,153,133,152,167,133,83,71,953,11707,
2020-03-25,59,142,136,164,167,119,76,106,969,12676,
2020-03-26,55,111,117,145,184,127,73,98,910,13586,
2020-03-27,45,145,114,163,170,128,76,104,945,14531,
2020-03-28,49,119,137,163,163,115,85,118,949,15480,
2020-03-29,49,113,115,140,149,102,82,110,860,16340,
2020-03-30,58,129,147,212,187,124,91,187,1135,17475,
2020-03-31,43,124,122,167,142,114,91,162,965,18440,
2020-04-01,79,136,171,185,219,155,124,216,1285,19725,
2020-04-02,68,118,135,224,174,113,86,243,1161,20886,
2020-04-03,66,132,161,224,206,143,114,281,1327,22213,
2020-04-04,57,119,152,182,209,104,96,227,1146,23359,
2020-04-05,44,139,133,178,150,106,81,237,1068,24427,
2020-04-06,77,162,196,233,222,136,104,270,1400,25827,
2020-04-07,63,131,163,207,220,114,109,265,1272,27099,
2020-04-08,93,140,192,227,222,112,95,328,1409,28508,
2020-04-09,77,127,190,258,223,131,116,338,1460,29968,
2020-04-10,85,200,221,271,251,161,124,426,1739,31707,
2020-04-11,70,155,187,246,243,148,104,472,1625,33332,
2020-04-12,89,174,196,244,209,131,109,325,1477,34809,
2020-04-13,93,214,233,299,299,192,145,562,2037,36846,
2020-04-14,84,196,229,261,241,160,138,472,1781,38627,
2020-04-15,112,220,237,249,246,172,162,470,1868,40495,
2020-04-16,124,178,208,255,207,184,156,626,1938,42433,
2020-04-17,106,202,230,295,261,154,153,467,1868,44301,
2020-04-18,97,196,206,215,275,150,148,377,1664,45965,
2020-04-19,72,135,171,207,199,96,92,306,1278,47243,
2020-04-20,91,238,229,277,261,171,134,388,1789,49032,
2020-04-21,75,151,201,219,205,127,105,356,1439,50471,
2020-04-22,92,168,193,219,233,125,129,389,1548,52019,
2020-04-23,93,192,209,207,225,163,118,368,1575,53594,
2020-04-24,91,178,239,242,228,119,117,296,1510,55104,
2020-04-25,104,185,181,228,192,129,97,284,1400,56504,
2020-04-26,114,206,196,205,189,117,89,234,1350,57854,
2020-04-27,110,202,215,242,257,160,150,338,1674,59528,
2020-04-28,116,180,215,230,186,150,123,329,1529,61057,
2020-04-29,88,190,202,206,192,142,128,343,1491,62548,
2020-04-30,84,177,177,187,239,139,119,318,1440,63988,
2020-05-01,88,213,239,268,250,118,102,314,1592,65580,
2020-05-02,89,152,160,168,181,80,69,175,1074,66654,
2020-05-03,97,145,141,167,144,94,76,181,1045,67699,
2020-05-04,86,180,152,208,208,109,98,284,1325,69024,
2020-05-05,88,159,156,163,195,82,119,294,1256,70280,
2020-05-06,95,132,149,154,177,102,88,193,1090,71370,
2020-05-07,80,166,148,149,182,111,72,214,1122,72492,
2020-05-08,84,156,183,162,189,86,81,206,1147,73639,
2020-05-09,71,135,129,158,174,97,88,187,1039,74678,
2020-05-10,77,139,137,133,139,89,84,188,986,75664,
2020-05-11,98,184,177,162,187,104,84,228,1224,76888,
2020-05-12,99,174,129,138,160,102,91,204,1097,77985,
2020-05-13,78,144,160,137,172,107,73,216,1087,79072,
2020-05-14,111,154,154,153,146,120,81,255,1174,80246,
2020-05-15,93,181,178,182,174,136,85,251,1280,81526,
2020-05-16,86,146,135,156,181,98,61,121,984,82510,
2020-05-17,78,142,148,148,136,81,56,129,918,83428,
2020-05-18,110,165,157,155,143,85,84,179,1078,84506,
2020-05-19,89,153,131,147,147,72,56,148,943,85449,
2020-05-20,103,179,123,171,141,102,70,203,1092,86541,
2020-05-21,92,152,118,127,116,74,46,130,855,87396,
2020-05-22,87,136,130,138,131,68,59,100,849,88245,
2020-05-23,79,134,95,124,110,66,28,78,714,88959,
2020-05-24,70,98,83,107,106,66,36,80,646,89605,
2020-05-25,89,146,127,119,117,76,52,104,830,90435,
2020-05-26,73,115,119,114,89,74,52,90,726,91161,
2020-05-27,60,111,101,97,107,60,47,110,693,91854,
2020-05-28,57,98,86,83,90,49,39,85,587,92441,
2020-05-29,59,104,108,128,90,68,44,91,692,93133,
2020-05-30,57,114,105,94,69,44,26,39,548,93681,
2020-05-31,64,98,92,64,75,32,25,33,483,94164,
2020-06-01,60,119,107,78,84,44,37,82,611,94775,
2020-06-02,49,96,90,64,75,51,21,49,495,95270,
2020-06-03,83,105,88,71,48,45,19,50,509,95779,
2020-06-04,65,88,57,54,55,42,31,42,434,96213,
2020-06-05,55,98,51,78,61,36,26,25,430,96643,
2020-06-06,46,78,65,49,48,39,23,39,387,97030,
2020-06-07,50,70,60,43,39,24,19,20,325,97355,
2020-06-08,52,76,63,61,48,28,29,37,394,97749,
2020-06-09,46,83,65,42,41,37,26,19,359,98108,
2020-06-10,47,86,71,67,59,35,21,34,420,98528,
2020-06-11,50,67,54,52,55,29,26,30,363,98891,
2020-06-12,55,76,61,49,63,24,24,19,371,99262,
2020-06-13,37,67,50,32,31,17,12,28,274,99536,
2020-06-14,34,81,46,42,39,29,16,17,304,99840,
2020-06-15,57,82,56,55,56,37,19,26,388,100228,
2020-06-16,48,79,59,58,37,36,18,19,354,100582,
2020-06-17,43,85,55,43,44,34,16,26,346,100928,
2020-06-18,31,78,51,48,36,29,14,22,309,101237,
2020-06-19,44,74,58,41,52,26,14,19,328,101565,
2020-06-20,39,62,48,43,42,22,10,17,283,101848,
2020-06-21,30,61,60,35,30,23,15,21,275,102123,
2020-06-22,43,70,61,42,57,27,17,17,334,102457,
2020-06-23,46,67,58,51,46,20,15,14,317,102774,
2020-06-24,40,64,46,36,39,18,15,20,278,103052,
2020-06-25,38,120,69,61,37,23,18,21,387,103439,
2020-06-26,47,60,48,25,31,25,8,19,263,103702,
2020-06-27,42,57,53,29,39,21,13,15,269,103971,
2020-06-28,37,71,55,40,27,17,12,13,272,104243,
2020-06-29,56,57,61,42,38,29,12,21,316,104559,
2020-06-30,45,64,50,47,35,19,19,14,293,104852,
2020-07-01,45,50,39,51,37,27,7,19,275,105127,
2020-07-02,37,49,36,46,33,32,9,15,257,105384,
2020-07-03,40,75,45,29,44,27,11,15,286,105670,
2020-07-04,56,61,35,41,31,37,14,13,288,105958,
2020-07-05,60,62,41,31,34,24,12,9,273,106231,
2020-07-06,63,126,99,57,42,35,30,22,474,106705,
2020-07-07,69,113,69,53,44,36,12,24,420,107125,
2020-07-08,66,109,77,49,51,42,16,19,429,107554,
2020-07-09,64,96,71,59,55,24,11,17,397,107951,
2020-07-10,71,68,62,58,65,36,18,17,395,108346,
2020-07-11,52,122,64,34,32,33,15,17,369,108715,
2020-07-12,32,149,75,37,42,25,11,13,384,109099,
2020-07-13,72,180,111,65,73,49,21,27,598,109697,
2020-07-14,64,179,96,77,57,39,15,12,539,110236,
2020-07-15,57,173,101,83,65,35,13,21,548,110784,
2020-07-16,57,149,67,61,50,24,16,26,450,111234,
2020-07-17,68,128,97,59,62,36,13,18,481,111715,
2020-07-18,61,115,61,48,56,27,14,14,396,112111,
2020-07-19,61,104,46,55,46,33,18,15,378,112489,
2020-07-20,81,138,86,75,65,31,24,20,520,113009,
2020-07-21,89,151,78,59,41,31,12,22,483,113492,
2020-07-22,87,130,77,41,46,26,16,20,443,113935,
2020-07-23,86,94,62,48,47,32,19,14,402,114337,
2020-07-24,83,85,71,59,51,34,21,9,413,114750,
2020-07-25,51,75,57,39,39,24,13,5,303,115053,
2020-07-26,74,71,62,42,37,22,11,7,326,115379,
2020-07-27,78,141,81,47,47,30,17,18,459,115838,
2020-07-28,67,94,66,56,47,31,13,21,395,116233,
2020-07-29,75,95,79,55,37,15,12,9,377,116610,
2020-07-30,49,95,63,43,43,25,5,7,330,116940,
2020-07-31,55,69,61,49,33,22,16,11,316,117256,
2020-08-01,57,99,52,43,30,19,12,8,320,117576,
2020-08-02,60,88,59,37,35,26,9,9,323,117899,
2020-08-03,79,110,83,48,54,28,12,9,423,118322,
2020-08-04,64,109,72,56,60,25,13,11,410,118732,
2020-08-05,59,94,72,60,38,23,17,3,366,119098,
2020-08-06,49,91,68,50,41,23,12,15,349,119447,
2020-08-07,64,92,82,48,41,21,15,10,373,119820,
2020-08-08,52,74,69,48,37,17,15,7,319,120139,
2020-08-09,44,96,60,35,30,22,12,6,305,120444,
2020-08-10,68,103,95,52,38,31,21,17,425,120869,
2020-08-11,66,125,78,42,50,40,25,13,439,121308,
2020-08-12,60,86,63,53,46,26,18,7,359,121667,
2020-08-13,90,102,64,53,37,14,14,10,384,122051,
2020-08-14,43,94,66,55,43,24,12,10,347,122398,
2020-08-15,55,83,64,57,40,21,20,9,349,122747,
2020-08-16,47,93,71,50,49,30,12,15,367,123114,
2020-08-17,74,146,88,70,46,29,20,14,487,123601,
2020-08-18,79,107,73,55,37,17,18,10,396,123997,
2020-08-19,83,98,66,53,45,27,28,17,417,124414,
2020-08-20,78,89,83,54,51,22,27,10,414,124828,
2020-08-21,67,95,73,66,25,40,17,9,392,125220,
2020-08-22,73,100,58,65,41,32,10,13,392,125612,
2020-08-23,53,92,69,62,47,32,13,15,383,125995,
2020-08-24,111,119,85,70,67,43,25,14,534,126529,
2020-08-25,105,148,103,80,55,43,24,17,575,127104,
2020-08-26,92,124,98,88,62,40,18,12,534,127638,
2020-08-27,64,93,80,81,58,28,24,20,448,128086,
2020-08-28,119,114,81,82,47,51,29,12,535,128621,
2020-08-29,63,100,82,58,58,35,18,9,423,129044,
2020-08-30,83,121,115,60,61,42,27,6,515,129559,
2020-08-31,119,153,97,86,78,39,22,18,612,130171,
2020-09-01,134,179,131,94,79,46,28,24,715,130886,
2020-09-02,113,179,132,85,79,46,22,18,674,131560,
2020-09-03,125,152,104,86,61,38,28,14,608,132168,
2020-09-04,138,173,127,97,53,46,33,20,687,132855,
2020-09-05,131,155,103,85,55,40,33,41,643,133498,
2020-09-06,121,190,112,85,71,40,12,24,655,134153,
2020-09-07,129,229,124,115,80,52,21,19,769,134922,
2020-09-08,163,258,151,104,115,74,42,22,929,135851,
2020-09-09,187,260,155,138,89,62,25,23,939,136790,
2020-09-10,167,264,145,124,90,61,31,18,900,137690,
2020-09-11,163,243,161,113,97,61,35,25,898,138588,
2020-09-12,183,263,158,115,105,70,35,35,964,139552,
2020-09-13,166,262,165,119,99,72,24,33,940,140492,
2020-09-14,237,323,226,154,126,76,43,20,1205,141697,
2020-09-15,246,414,194,167,116,84,39,36,1296,142993,
2020-09-16,244,381,182,162,148,85,43,46,1291,144284,
2020-09-17,272,301,198,160,143,72,49,32,1227,145511,
2020-09-18,316,329,199,188,160,70,42,46,1350,146861,
2020-09-19,253,296,221,185,123,78,52,30,1238,148099,
2020-09-20,250,302,223,157,154,91,50,36,1263,149362,
2020-09-21,325,426,303,244,209,129,58,56,1750,151112,
2020-09-22,312,445,319,238,216,140,74,51,1795,152907,
2020-09-23,330,441,311,242,224,137,63,64,1812,154719,
2020-09-24,323,422,334,288,222,142,57,71,1859,156578,
2020-09-25,370,478,322,256,254,156,91,79,2006,158584,
2020-09-26,320,403,290,273,227,135,62,77,1787,160371,
2020-09-27,335,403,324,278,238,152,85,73,1888,162259,
2020-09-28,412,542,394,317,278,173,82,147,2345,164604,
2020-09-29,368,534,366,306,259,156,105,94,2188,166792,
2020-09-30,362,496,392,306,270,174,71,113,2184,168976,
2020-10-01,392,432,327,291,274,187,89,74,2066,171042,
2020-10-02,363,386,352,322,269,181,101,91,2065,173107,
2020-10-03,308,398,298,279,226,152,56,51,1768,174875,
2020-10-04,358,398,319,269,228,141,82,51,1846,176721,
2020-10-05,406,491,393,325,302,193,113,91,2314,179035,
2020-10-06,378,464,363,330,286,183,85,117,2206,181241,
2020-10-07,389,429,363,295,279,157,117,129,2158,183399,
2020-10-08,398,337,320,315,308,197,98,138,2111,185510,
2020-10-09,373,404,357,360,327,175,91,129,2216,187726,
2020-10-10,356,355,318,326,289,178,77,94,1993,189719,
2020-10-11,375,355,286,268,249,149,74,72,1828,191547,
2020-10-12,413,422,315,331,326,189,93,102,2191,193738,
2020-10-13,470,485,376,355,361,196,106,148,2497,196235,
2020-10-14,418,490,418,376,311,179,105,105,2402,198637,
2020-10-15,480,477,349,375,304,172,138,132,2427,201064,
2020-10-16,474,464,363,377,318,202,107,154,2459,203523,
2020-10-17,417,457,349,309,329,194,70,99,2224,205747,
2020-10-18,379,412,345,306,326,172,87,126,2153,207900,
2020-10-19,550,507,392,412,365,189,102,144,2661,210561,
2020-10-20,463,467,429,362,346,215,98,139,2519,213080,
2020-10-21,448,476,391,390,341,179,104,169,2498,215578,
2020-10-22,456,452,356,349,282,197,94,137,2323,217901,
2020-10-23,437,435,364,328,297,176,87,137,2261,220162,
2020-10-24,387,349,293,283,273,155,75,87,1902,222064,
2020-10-25,376,308,267,252,256,142,70,120,1791,223855,
2020-10-26,413,347,293,316,264,156,106,175,2070,225925,
2020-10-27,348,328,249,239,240,128,89,154,1775,227700,
2020-10-28,305,283,266,216,223,132,86,180,1691,229391,
2020-10-29,265,227,197,197,184,100,67,102,1339,230730,
2020-10-30,264,208,172,159,178,88,68,86,1223,231953,
2020-10-31,163,155,107,100,100,59,43,56,783,232736,
2020-11-01,26,26,18,25,26,13,8,6,148,232884,
2020-11-02,4,0,0,1,1,0,0,0,6,232890,
2020-11-03,0,0,0,0,0,0,0,0,0,232890,