date,0-19,20-29,30-39,40-49,50-59,60-69,70-79,80+,new,cumulative-n-age,shaded
2020-01-15,0,0,1,0,0,0,0,0,1,1,14
2020-01-16,0,0,0,0,0,0,0,0,0,1,
2020-01-17,0,0,0,0,0,0,0,0,0,1,
2020-01-18,0,0,0,0,0,0,0,0,0,1,
2020-01-19,0,0,0,0,0,0,0,0,0,1,
2020-01-20,0,0,0,0,0,0,0,0,0,1,
2020-01-21,0,0,0,0,1,0,0,0,1,2,
2020-01-22,0,0,0,1,1,0,0,0,2,4,
2020-01-23,0,0,0,0,0,0,0,0,0,4,
2020-01-24,0,2,0,0,0,0,0,0,2,6,
2020-01-25,0,0,0,0,0,0,0,0,0,6,
2020-01-26,0,0,0,0,0,0,0,0,0,6,
2020-01-27,0,0,0,0,1,0,0,0,1,7,
2020-01-28,0,1,0,0,0,0,0,0,1,8,
2020-01-29,0,0,0,0,0,0,0,0,0,8,
2020-01-30,0,0,0,0,0,0,0,0,0,8,
2020-01-31,0,0,0,0,0,0,0,0,0,8,
2020-02-01,0,0,0,0,1,1,0,0,2,10,
2020-02-02,0,0,0,0,0,0,0,0,0,10,
2020-02-03,0,0,0,0,1,0,0,0,1,11,
2020-02-04,0,0,0,0,0,0,0,2,2,13,
2020-02-05,0,2,0,0,0,0,0,0,2,15,
2020-02-06,0,0,0,0,0,0,0,0,0,15,
2020-02-07,1,0,0,0,0,0,0,0,1,16,
2020-02-08,0,0,0,0,0,0,0,0,0,16,
2020-02-09,0,0,1,0,0,0,0,0,1,17,
2020-02-10,0,0,0,0,0,2,0,0,2,19,
2020-02-11,0,0,0,0,0,0,0,0,0,19,
2020-02-12,0,0,0,0,1,0,0,0,1,20,
2020-02-13,0,0,0,1,0,0,0,0,1,21,
2020-02-14,0,0,2,0,0,1,1,0,4,25,
2020-02-15,1,0,0,1,0,0,0,0,3,28,
2020-02-16,0,0,0,0,0,1,0,0,1,29,
2020-02-17,0,1,0,0,0,0,0,0,1,30,
2020-02-18,0,0,0,1,0,0,0,1,2,32,
2020-02-19,0,1,0,2,0,0,0,0,3,35,
2020-02-20,0,0,2,0,1,1,2,1,8,43,
2020-02-21,0,0,0,1,0,1,0,0,2,45,
2020-02-22,0,0,0,1,1,0,3,0,5,50,
2020-02-23,2,3,1,2,3,4,1,0,16,66,
2020-02-24,1,0,3,1,5,1,3,0,15,81,
2020-02-25,1,1,1,1,3,7,1,0,15,96,
2020-02-26,2,1,1,3,1,4,0,0,12,108,
2020-02-27,1,3,5,2,7,4,1,2,24,132,
2020-02-28,0,1,4,3,6,8,2,12,38,170,
2020-02-29,0,3,3,5,5,7,1,3,26,196,
2020-03-01,0,2,9,7,8,8,7,6,47,243,
2020-03-02,4,3,12,7,9,6,5,2,49,292,
2020-03-03,0,4,7,4,11,17,6,4,54,346,
2020-03-04,2,5,4,8,11,11,6,2,49,395,
2020-03-05,1,6,11,9,12,13,6,4,62,457,
2020-03-06,4,8,15,11,13,15,8,9,84,541,
2020-03-07,6,11,10,16,24,13,5,5,91,632,
2020-03-08,4,14,20,27,34,20,8,4,131,763,
2020-03-09,8,30,38,39,54,32,18,5,228,991,
2020-03-10,12,23,45,37,55,50,23,11,255,1246,
2020-03-11,12,45,49,63,51,38,27,10,296,1542,
2020-03-12,12,52,75,75,74,44,37,14,379,1921,
2020-03-13,28,57,65,90,83,74,42,17,456,2377,
2020-03-14,22,51,60,76,102,78,49,18,452,2829,
2020-03-15,23,73,107,99,114,91,54,35,595,3424,
2020-03-16,38,128,142,153,158,133,57,28,835,4259,
2020-03-17,39,103,160,158,173,115,70,44,861,5120,
2020-03-18,51,157,146,165,174,132,86,45,954,6074,
2020-03-19,43,127,117,144,138,133,71,34,811,6885,
2020-03-20,53,151,159,157,187,174,71,61,1014,7899,
2020-03-21,54,133,149,135,153,133,79,49,882,8781,
2020-03-22,51,132,122,143,167,128,56,58,859,9640,
2020-03-23,56,163,168,163,193,144,83,88,1059,10699,
2020-03-24,60,154,134,151,167,135,83,70,950,11649,
2020-03-25,60,139,137,166,168,117,76,107,974,12623,
2020-03-26,54,113,118,144,179,128,70,97,901,13524,
2020-03-27,47,145,111,161,171,132,76,103,944,14468,
2020-03-28,50,119,140,161,163,113,90,118,955,15423,
2020-03-29,50,112,118,140,151,102,81,110,864,16287,
2020-03-30,59,132,147,212,186,125,89,181,1130,17417,
2020-03-31,43,124,121,164,141,114,91,158,954,18371,
2020-04-01,79,139,175,188,225,153,126,215,1304,19675,
2020-04-02,68,116,133,228,171,112,86,240,1154,20829,
2020-04-03,66,133,161,226,207,144,117,281,1332,22161,
2020-04-04,56,119,151,182,212,107,97,225,1151,23312,
2020-04-05,42,139,131,176,150,105,82,234,1060,24372,
2020-04-06,79,160,200,238,221,136,101,273,1408,25780,
2020-04-07,63,132,165,205,217,114,110,262,1268,27048,
2020-04-08,92,137,191,226,223,112,97,329,1407,28455,
2020-04-09,78,131,191,256,223,131,115,335,1461,29916,
2020-04-10,85,202,219,272,251,156,124,424,1731,31647,
2020-04-11,72,153,187,247,248,152,102,469,1627,33274,
2020-04-12,91,171,198,246,207,131,107,327,1479,34753,
2020-04-13,94,216,227,300,302,194,149,568,2053,36806,
2020-04-14,84,198,230,265,238,163,144,484,1805,38611,
2020-04-15,111,219,237,246,254,173,155,469,1866,40477,
2020-04-16,125,179,211,250,205,184,155,616,1923,42400,
2020-04-17,106,203,228,296,257,154,154,460,1858,44258,
2020-04-18,97,195,209,217,279,149,150,374,1668,45926,
2020-04-19,71,133,166,204,198,91,93,307,1265,47191,
2020-04-20,92,237,234,280,262,178,140,392,1816,49007,
2020-04-21,74,155,200,218,204,126,105,358,1440,50447,
2020-04-22,93,167,196,219,233,124,126,389,1547,51994,
2020-04-23,93,190,211,208,226,160,117,360,1565,53559,
2020-04-24,92,181,238,238,227,119,119,293,1507,55066,
2020-04-25,105,189,182,227,196,125,96,283,1403,56469,
2020-04-26,115,204,196,206,188,112,89,236,1348,57817,
2020-04-27,109,200,218,244,255,165,150,338,1678,59495,
2020-04-28,116,181,213,226,180,148,122,329,1515,61010,
2020-04-29,88,188,202,207,192,144,127,339,1487,62497,
2020-04-30,84,186,181,186,237,138,115,320,1448,63945,
2020-05-01,90,207,238,267,252,119,104,312,1590,65535,
2020-05-02,87,152,163,174,181,80,72,177,1086,66621,
2020-05-03,101,144,142,166,140,93,72,180,1038,67659,
2020-05-04,85,179,151,209,207,107,99,287,1324,68983,
2020-05-05,88,160,156,165,192,86,119,291,1255,70238,
2020-05-06,97,132,149,153,183,100,86,189,1088,71326,
2020-05-07,80,165,153,148,186,121,74,222,1150,72476,
2020-05-08,84,160,183,168,190,89,82,218,1174,73650,
2020-05-09,71,133,129,157,177,93,87,184,1031,74681,
2020-05-10,77,141,138,130,135,81,82,168,952,75633,
2020-05-11,101,184,177,164,188,105,83,231,1234,76867,
2020-05-12,100,175,129,140,161,100,91,194,1090,77957,
2020-05-13,78,140,162,138,174,107,77,221,1097,79054,
2020-05-14,111,153,147,151,146,117,78,254,1157,80211,
2020-05-15,97,183,185,184,172,135,81,237,1272,81483,
2020-05-16,84,144,137,151,182,101,64,132,995,82478,
2020-05-17,82,147,145,151,132,80,58,126,921,83399,
2020-05-18,111,163,160,154,144,86,81,182,1081,84480,
2020-05-19,88,150,124,143,147,75,62,150,939,85419,
2020-05-20,108,180,125,167,143,99,69,202,1093,86512,
2020-05-21,90,160,116,136,118,74,47,132,873,87385,
2020-05-22,87,135,131,136,131,70,57,97,844,88229,
2020-05-23,83,130,90,120,110,66,29,76,704,88933,
2020-05-24,69,103,83,110,104,62,36,79,646,89579,
2020-05-25,91,147,124,117,122,80,50,102,833,90412,
2020-05-26,68,117,121,111,83,69,53,97,718,91130,
2020-05-27,64,114,104,105,104,62,47,113,713,91843,
2020-05-28,53,90,84,83,91,50,43,86,581,92424,
2020-05-29,56,110,113,126,90,67,44,88,695,93119,
2020-05-30,55,109,102,99,73,47,25,47,557,93676,
2020-05-31,61,100,83,57,63,24,23,26,437,94113,
2020-06-01,65,120,117,81,93,50,42,90,658,94771,
2020-06-02,53,98,92,67,75,46,20,49,500,95271,
2020-06-03,80,98,85,62,50,47,20,43,485,95756,
2020-06-04,66,93,63,60,54,42,27,46,451,96207,
2020-06-05,55,100,49,79,66,39,28,27,443,96650,
2020-06-06,44,79,62,47,46,41,22,32,373,97023,
2020-06-07,49,66,56,42,35,21,22,28,319,97342,
2020-06-08,59,78,67,61,51,30,25,30,401,97743,
2020-06-09,45,88,65,41,42,36,30,25,372,98115,
2020-06-10,47,89,75,69,62,37,21,38,438,98553,
2020-06-11,48,67,54,51,55,29,25,29,358,98911,
2020-06-12,55,76,60,52,63,24,26,18,374,99285,
2020-06-13,38,68,48,30,29,17,12,27,269,99554,
2020-06-14,33,81,46,43,38,27,15,17,301,99855,
2020-06-15,57,80,56,54,57,38,20,25,387,100242,
2020-06-16,46,77,59,59,35,35,18,22,351,100593,
2020-06-17,42,84,53,42,42,33,16,26,338,100931,
2020-06-18,29,79,50,42,35,28,15,19,297,101228,
2020-06-19,46,72,58,45,52,26,14,19,333,101561,
2020-06-20,38,61,50,44,40,23,11,19,286,101847,
2020-06-21,30,61,60,35,29,25,15,20,275,102122,
2020-06-22,40,70,60,42,60,27,18,17,334,102456,
2020-06-23,46,67,61,51,44,20,16,13,318,102774,
2020-06-24,41,64,45,36,41,18,15,21,281,103055,
2020-06-25,38,121,69,62,39,25,17,21,392,103447,
2020-06-26,47,62,47,25,31,25,8,17,262,103709,
2020-06-27,41,59,53,29,39,21,13,16,271,103980,
2020-06-28,37,70,55,39,28,18,12,11,270,104250,
2020-06-29,55,58,59,41,38,29,13,22,316,104566,
2020-06-30,44,63,50,46,35,19,19,14,289,104855,
2020-07-01,45,52,39,49,37,25,7,18,271,105126,
2020-07-02,38,47,35,44,31,31,7,15,248,105374,
2020-07-03,39,73,45,28,44,28,11,13,281,105655,
2020-07-04,56,63,35,39,29,36,14,13,285,105940,
2020-07-05,58,60,40,32,34,23,12,8,267,106207,
2020-07-06,63,128,97,52,42,35,29,25,470,106677,
2020-07-07,69,112,70,55,41,37,13,22,419,107096,
2020-07-08,67,104,74,51,51,42,15,19,423,107519,
2020-07-09,62,101,73,57,53,23,13,17,399,107918,
2020-07-10,68,65,60,58,65,36,18,16,387,108305,
2020-07-11,53,112,63,34,31,31,15,17,356,108661,
2020-07-12,31,151,75,38,40,24,12,13,384,109045,
2020-07-13,70,186,107,64,79,51,21,27,604,109649,
2020-07-14,63,174,94,75,53,38,15,11,524,110173,
2020-07-15,56,166,104,83,67,38,13,24,550,110723,
2020-07-16,58,145,65,58,50,23,18,26,442,111165,
2020-07-17,67,129,95,62,61,35,12,18,479,111644,
2020-07-18,61,118,61,48,54,28,13,14,397,112041,
2020-07-19,60,105,48,51,44,32,18,16,373,112414,
2020-07-20,79,137,86,73,63,30,25,20,512,112926,
2020-07-21,87,145,78,60,39,31,12,22,475,113401,
2020-07-22,87,128,72,39,46,27,15,19,433,113834,
2020-07-23,84,89,59,49,48,30,20,15,394,114228,
2020-07-24,80,86,67,54,49,34,21,9,401,114629,
2020-07-25,46,70,56,36,38,26,13,4,288,114917,
2020-07-26,70,66,65,33,36,18,10,5,304,115221,
2020-07-27,82,135,72,49,42,30,17,14,441,115662,
2020-07-28,62,84,61,48,39,25,10,18,347,116009,
2020-07-29,71,89,77,57,34,16,12,8,367,116376,
2020-07-30,48,84,56,36,42,21,5,8,300,116676,
2020-07-31,49,65,58,47,30,23,15,9,296,116972,
2020-08-01,56,95,47,40,31,17,10,8,303,117275,
2020-08-02,55,67,53,37,33,21,8,7,280,117555,
2020-08-03,68,95,79,43,48,23,11,5,372,117927,
2020-08-04,56,110,65,48,55,21,12,10,377,118304,
2020-08-05,60,85,72,57,36,25,13,2,347,118651,
2020-08-06,43,86,57,43,42,22,11,13,318,118969,
2020-08-07,55,89,75,49,32,18,13,8,338,119307,
2020-08-08,52,66,68,39,42,16,12,7,301,119608,
2020-08-09,41,93,64,40,24,20,12,4,297,119905,
2020-08-10,63,101,83,46,36,27,20,10,385,120290,
2020-08-11,58,113,71,34,44,34,23,7,384,120674,
2020-08-12,60,88,63,48,42,29,15,6,353,121027,
2020-08-13,83,92,58,46,32,14,12,7,343,121370,
2020-08-14,41,85,64,56,36,17,10,10,318,121688,
2020-08-15,54,76,65,48,33,25,19,6,327,122015,
2020-08-16,41,85,71,53,48,26,13,15,350,122365,
2020-08-17,67,140,83,71,45,31,17,7,460,122825,
2020-08-18,66,108,72,51,38,19,16,7,376,123201,
2020-08-19,84,92,68,51,39,20,26,14,392,123593,
2020-08-20,75,82,76,53,49,21,24,10,389,123982,
2020-08-21,58,89,77,58,27,39,16,7,371,124353,
2020-08-22,64,100,58,62,40,29,8,11,371,124724,
2020-08-23,60,85,67,66,42,27,11,16,373,125097,
2020-08-24,104,114,83,67,65,38,20,13,499,125596,
2020-08-25,90,140,99,77,55,43,24,16,541,126137,
2020-08-26,94,119,90,84,57,37,15,12,505,126642,
2020-08-27,59,85,79,81,55,23,21,15,414,127056,
2020-08-28,106,111,71,82,45,48,29,12,498,127554,
2020-08-29,60,87,79,50,54,35,15,9,380,127934,
2020-08-30,70,113,109,60,51,42,28,4,463,128397,
2020-08-31,102,139,99,78,70,38,18,15,539,128936,
2020-09-01,107,159,118,74,64,37,21,18,570,129506,
2020-09-02,105,150,128,78,65,42,21,15,562,130068,
2020-09-03,105,137,92,68,44,30,15,10,456,130524,
2020-09-04,103,139,102,83,51,33,21,10,485,131009,
2020-09-05,99,134,84,57,50,26,19,17,423,131432,
2020-09-06,89,134,91,68,57,26,10,10,423,131855,
2020-09-07,81,170,94,82,57,29,9,8,430,132285,
2020-09-08,97,164,92,70,83,46,23,13,455,132740,
2020-09-09,121,159,89,84,56,36,16,12,416,133156,
2020-09-10,79,144,65,72,44,26,19,8,346,133502,
2020-09-11,68,117,81,44,45,30,12,9,275,133777,
2020-09-12,64,93,59,31,31,24,7,7,215,133992,
2020-09-13,34,73,57,20,23,14,7,6,164,134156,
2020-09-14,37,61,36,25,22,9,5,8,147,134303,
2020-09-15,40,46,38,24,23,12,4,3,43,134346,
2020-09-16,10,15,12,14,7,6,2,1,0,134346,
2020-09-17,0,0,0,0,0,0,0,0,0,134346,
2020-09-18,0,0,0,0,0,0,0,0,,,