date,0-19,20-29,30-39,40-49,50-59,60-69,70-79,80+,new,cumulative-n-age,shaded
2020-01-15,0,0,1,0,0,0,0,0,1,1,14
2020-01-16,0,0,1,0,1,0,0,0,2,3,
2020-01-17,0,0,0,0,0,0,0,0,0,3,
2020-01-18,0,0,0,0,0,0,0,0,0,3,
2020-01-19,0,0,0,0,0,0,0,0,0,3,
2020-01-20,0,0,0,0,0,0,0,0,0,3,
2020-01-21,0,0,0,0,1,0,0,0,1,4,
2020-01-22,0,0,0,1,1,0,0,0,2,6,
2020-01-23,0,0,0,0,0,0,0,0,0,6,
2020-01-24,0,2,0,0,0,0,0,0,2,8,
2020-01-25,0,0,0,0,0,0,0,0,0,8,
2020-01-26,0,1,0,0,0,0,0,0,1,9,
2020-01-27,0,0,0,0,1,0,0,0,1,10,
2020-01-28,0,1,0,1,0,0,0,0,2,12,
2020-01-29,0,0,0,0,0,0,0,0,0,12,
2020-01-30,0,0,0,0,0,0,0,0,0,12,
2020-01-31,0,0,2,0,0,0,0,0,2,14,
2020-02-01,0,0,0,0,1,1,0,0,2,16,
2020-02-02,0,1,1,0,0,0,0,0,2,18,
2020-02-03,0,0,0,0,1,0,0,0,1,19,
2020-02-04,0,0,0,0,0,0,0,2,2,21,
2020-02-05,0,2,0,0,0,0,0,0,2,23,
2020-02-06,0,0,0,0,0,0,0,0,0,23,
2020-02-07,1,0,0,0,0,0,0,0,1,24,
2020-02-08,0,0,0,0,0,0,0,0,0,24,
2020-02-09,0,0,2,0,0,0,0,0,2,26,
2020-02-10,0,0,0,0,0,2,0,0,2,28,
2020-02-11,0,0,0,0,0,0,0,1,1,29,
2020-02-12,0,0,0,0,1,0,0,0,1,30,
2020-02-13,0,0,0,1,0,0,0,0,1,31,
2020-02-14,0,0,2,0,0,1,1,0,4,35,
2020-02-15,1,0,0,1,0,0,0,0,2,37,
2020-02-16,0,0,0,0,0,1,0,0,1,38,
2020-02-17,0,1,0,0,0,1,0,0,2,40,
2020-02-18,0,0,0,1,0,0,0,1,2,42,
2020-02-19,0,1,0,2,0,0,0,0,3,45,
2020-02-20,0,0,2,0,1,1,2,1,7,52,
2020-02-21,0,0,0,1,0,1,0,0,2,54,
2020-02-22,0,0,0,1,1,0,3,0,5,59,
2020-02-23,2,3,1,2,3,4,1,0,16,75,
2020-02-24,1,0,3,1,5,1,3,0,14,89,
2020-02-25,1,1,1,1,3,7,1,0,15,104,
2020-02-26,2,1,1,3,1,4,0,0,12,116,
2020-02-27,1,3,5,2,7,4,1,2,25,141,
2020-02-28,0,1,4,3,5,8,2,12,35,176,
2020-02-29,0,3,3,5,5,7,1,3,27,203,
2020-03-01,1,2,10,7,8,9,7,6,50,253,
2020-03-02,4,3,12,7,9,5,5,2,47,300,
2020-03-03,0,4,7,4,11,17,6,4,53,353,
2020-03-04,3,6,4,8,12,11,6,2,52,405,
2020-03-05,1,6,12,9,12,13,6,4,63,468,
2020-03-06,4,8,15,11,13,15,8,9,83,551,
2020-03-07,6,11,9,16,24,13,5,5,89,640,
2020-03-08,4,14,19,28,34,20,8,4,131,771,
2020-03-09,8,30,38,39,53,33,18,5,224,995,
2020-03-10,13,23,46,38,56,50,22,12,260,1255,
2020-03-11,12,46,49,62,51,38,27,11,296,1551,
2020-03-12,11,53,76,77,76,44,38,15,390,1941,
2020-03-13,29,58,66,89,81,75,41,17,456,2397,
2020-03-14,23,51,61,77,103,82,50,18,465,2862,
2020-03-15,23,75,108,99,115,90,53,36,599,3461,
2020-03-16,38,123,140,154,158,132,58,27,830,4291,
2020-03-17,43,111,160,157,175,119,70,44,879,5170,
2020-03-18,48,150,146,168,173,133,85,45,948,6118,
2020-03-19,42,127,116,141,139,133,73,35,806,6924,
2020-03-20,53,153,162,157,189,177,69,61,1021,7945,
2020-03-21,53,131,151,136,151,132,79,49,882,8827,
2020-03-22,51,133,122,145,170,131,56,59,867,9694,
2020-03-23,57,161,173,163,193,146,82,89,1064,10758,
2020-03-24,61,153,133,152,167,133,83,72,954,11712,
2020-03-25,59,142,136,164,167,119,76,105,968,12680,
2020-03-26,55,111,118,145,184,127,73,98,911,13591,
2020-03-27,45,145,114,163,170,128,76,104,945,14536,
2020-03-28,49,119,137,163,163,115,85,118,949,15485,
2020-03-29,49,113,115,140,148,102,82,111,860,16345,
2020-03-30,58,129,147,211,186,124,91,186,1132,17477,
2020-03-31,43,124,122,167,141,114,91,162,964,18441,
2020-04-01,79,136,171,185,219,155,124,216,1285,19726,
2020-04-02,68,118,135,225,174,113,86,243,1162,20888,
2020-04-03,66,132,161,224,206,143,114,281,1327,22215,
2020-04-04,57,119,152,182,209,104,96,228,1147,23362,
2020-04-05,44,139,133,178,150,106,81,237,1068,24430,
2020-04-06,77,162,196,233,222,136,104,269,1399,25829,
2020-04-07,63,131,163,208,221,114,109,265,1274,27103,
2020-04-08,93,140,192,226,222,112,95,330,1410,28513,
2020-04-09,76,127,190,258,223,131,116,338,1459,29972,
2020-04-10,85,201,221,272,251,161,124,426,1741,31713,
2020-04-11,70,154,186,246,244,148,104,474,1626,33339,
2020-04-12,89,175,196,243,209,131,109,323,1475,34814,
2020-04-13,93,214,233,299,298,192,146,563,2038,36852,
2020-04-14,84,196,229,261,241,160,138,472,1781,38633,
2020-04-15,111,220,237,249,246,173,162,470,1868,40501,
2020-04-16,123,177,208,255,208,184,157,626,1938,42439,
2020-04-17,106,202,230,295,260,154,153,468,1868,44307,
2020-04-18,97,196,205,215,273,150,148,378,1662,45969,
2020-04-19,72,135,171,207,199,96,92,306,1278,47247,
2020-04-20,91,238,230,277,261,175,134,387,1793,49040,
2020-04-21,75,150,200,219,207,125,107,356,1439,50479,
2020-04-22,92,168,194,220,233,124,127,386,1544,52023,
2020-04-23,93,192,209,208,225,164,119,371,1581,53604,
2020-04-24,91,178,238,242,228,119,118,294,1508,55112,
2020-04-25,104,185,181,228,192,129,98,286,1403,56515,
2020-04-26,114,206,196,205,189,118,90,236,1354,57869,
2020-04-27,110,202,215,242,257,160,150,341,1677,59546,
2020-04-28,116,179,215,230,187,149,121,327,1524,61070,
2020-04-29,88,190,202,206,191,141,128,345,1491,62561,
2020-04-30,84,177,178,187,239,139,123,319,1446,64007,
2020-05-01,88,213,240,267,250,117,102,316,1593,65600,
2020-05-02,89,153,160,168,181,80,68,173,1072,66672,
2020-05-03,97,145,141,167,144,95,76,182,1047,67719,
2020-05-04,86,180,153,208,208,109,98,283,1325,69044,
2020-05-05,88,158,156,163,195,84,119,294,1257,70301,
2020-05-06,95,132,149,154,177,103,88,195,1093,71394,
2020-05-07,80,166,148,149,182,111,73,214,1123,72517,
2020-05-08,84,156,183,163,189,86,78,206,1145,73662,
2020-05-09,71,136,129,158,174,97,88,186,1039,74701,
2020-05-10,77,139,137,133,139,89,83,188,985,75686,
2020-05-11,98,184,177,161,187,103,84,225,1219,76905,
2020-05-12,99,174,129,138,161,102,90,205,1098,78003,
2020-05-13,78,144,160,137,172,107,73,218,1089,79092,
2020-05-14,111,154,155,153,146,120,81,254,1174,80266,
2020-05-15,93,181,178,182,173,136,85,249,1277,81543,
2020-05-16,86,146,135,156,182,98,61,121,985,82528,
2020-05-17,78,142,148,148,136,80,56,129,917,83445,
2020-05-18,110,165,157,154,143,85,84,179,1077,84522,
2020-05-19,89,153,131,147,147,72,56,149,944,85466,
2020-05-20,103,179,123,171,141,102,70,205,1094,86560,
2020-05-21,93,151,119,127,116,74,46,130,856,87416,
2020-05-22,87,136,130,139,131,68,59,100,850,88266,
2020-05-23,79,134,95,124,110,66,28,78,714,88980,
2020-05-24,70,98,83,106,106,66,36,80,645,89625,
2020-05-25,89,146,126,119,117,76,52,104,829,90454,
2020-05-26,73,115,119,114,89,74,51,90,725,91179,
2020-05-27,60,111,101,97,106,60,47,110,692,91871,
2020-05-28,54,98,86,83,90,49,39,86,585,92456,
2020-05-29,58,103,108,128,90,68,44,91,690,93146,
2020-05-30,57,113,105,94,70,44,26,39,548,93694,
2020-05-31,64,98,92,64,75,32,25,33,483,94177,
2020-06-01,60,119,107,78,85,44,38,82,613,94790,
2020-06-02,49,96,90,64,75,51,21,49,495,95285,
2020-06-03,83,105,88,71,48,45,19,50,509,95794,
2020-06-04,65,88,57,54,55,42,31,42,434,96228,
2020-06-05,55,98,51,78,61,36,26,25,430,96658,
2020-06-06,46,78,65,49,48,39,24,39,388,97046,
2020-06-07,51,70,60,43,40,24,19,20,327,97373,
2020-06-08,52,75,63,60,49,28,29,37,393,97766,
2020-06-09,46,84,66,42,41,37,26,19,361,98127,
2020-06-10,47,87,71,67,59,35,21,34,421,98548,
2020-06-11,50,67,54,52,55,29,26,30,363,98911,
2020-06-12,55,76,61,49,63,24,24,19,371,99282,
2020-06-13,37,67,50,32,31,17,12,28,274,99556,
2020-06-14,34,81,46,42,39,30,16,17,305,99861,
2020-06-15,57,82,56,55,56,37,19,27,389,100250,
2020-06-16,48,80,59,58,36,36,18,20,355,100605,
2020-06-17,43,85,55,43,44,34,16,26,346,100951,
2020-06-18,31,78,51,48,36,29,14,22,309,101260,
2020-06-19,44,74,58,41,52,26,14,19,328,101588,
2020-06-20,39,63,48,43,42,23,10,17,285,101873,
2020-06-21,30,61,60,35,30,23,15,21,275,102148,
2020-06-22,43,70,61,42,57,27,17,17,334,102482,
2020-06-23,46,67,58,51,46,20,15,14,317,102799,
2020-06-24,40,64,46,36,39,18,15,20,278,103077,
2020-06-25,39,120,70,61,37,23,18,21,389,103466,
2020-06-26,47,60,48,25,31,25,8,20,264,103730,
2020-06-27,42,57,53,29,39,21,13,15,269,103999,
2020-06-28,37,72,55,41,27,17,12,13,274,104273,
2020-06-29,56,57,61,42,38,29,12,21,316,104589,
2020-06-30,45,64,50,47,36,19,19,14,294,104883,
2020-07-01,45,50,39,51,37,27,7,19,275,105158,
2020-07-02,37,49,36,46,33,32,9,15,257,105415,
2020-07-03,40,75,45,28,43,27,11,14,283,105698,
2020-07-04,56,61,35,41,31,37,14,13,288,105986,
2020-07-05,60,62,41,31,34,24,12,9,273,106259,
2020-07-06,63,126,99,57,42,35,30,22,474,106733,
2020-07-07,69,113,69,53,44,36,12,24,420,107153,
2020-07-08,67,109,77,49,51,42,16,19,430,107583,
2020-07-09,64,96,71,60,57,25,11,17,401,107984,
2020-07-10,71,68,62,60,67,36,18,17,399,108383,
2020-07-11,51,122,64,34,32,33,15,17,368,108751,
2020-07-12,32,149,75,37,42,25,11,13,384,109135,
2020-07-13,72,181,111,65,74,49,21,27,600,109735,
2020-07-14,64,179,96,77,57,39,15,13,540,110275,
2020-07-15,57,173,100,83,66,35,13,21,548,110823,
2020-07-16,57,149,66,61,50,24,16,26,449,111272,
2020-07-17,68,128,97,59,62,37,13,18,482,111754,
2020-07-18,61,115,62,48,56,27,14,14,397,112151,
2020-07-19,61,104,46,55,47,33,18,17,381,112532,
2020-07-20,81,138,86,75,65,31,24,20,520,113052,
2020-07-21,89,151,79,59,41,31,12,22,484,113536,
2020-07-22,87,130,77,41,46,26,16,20,443,113979,
2020-07-23,86,94,62,48,47,32,19,14,402,114381,
2020-07-24,83,85,71,59,51,34,21,9,413,114794,
2020-07-25,51,76,57,39,39,24,13,6,305,115099,
2020-07-26,74,71,62,42,37,22,11,7,326,115425,
2020-07-27,79,142,81,47,47,30,17,18,461,115886,
2020-07-28,67,93,66,56,47,32,13,21,395,116281,
2020-07-29,75,96,79,55,37,15,12,9,378,116659,
2020-07-30,49,95,63,43,43,25,5,8,331,116990,
2020-07-31,55,69,61,48,33,22,16,11,315,117305,
2020-08-01,57,100,52,43,30,19,12,8,321,117626,
2020-08-02,60,88,59,37,35,26,9,9,323,117949,
2020-08-03,79,110,82,49,54,28,12,9,423,118372,
2020-08-04,64,109,72,56,61,25,13,11,411,118783,
2020-08-05,59,93,72,60,39,23,17,3,366,119149,
2020-08-06,49,91,67,50,42,23,12,15,349,119498,
2020-08-07,64,93,82,48,41,21,15,10,374,119872,
2020-08-08,52,74,69,48,38,17,15,7,320,120192,
2020-08-09,44,96,60,35,30,22,12,6,305,120497,
2020-08-10,68,104,95,52,37,31,21,17,425,120922,
2020-08-11,66,125,78,42,50,40,26,14,441,121363,
2020-08-12,60,86,63,50,46,26,18,7,356,121719,
2020-08-13,90,101,64,53,37,14,14,10,383,122102,
2020-08-14,43,93,66,55,43,24,12,10,346,122448,
2020-08-15,55,83,64,57,40,21,20,9,349,122797,
2020-08-16,47,93,71,50,49,30,12,16,368,123165,
2020-08-17,74,146,88,71,46,29,20,13,487,123652,
2020-08-18,79,107,73,55,37,17,18,10,396,124048,
2020-08-19,83,98,66,53,46,27,28,17,418,124466,
2020-08-20,78,89,82,54,50,22,27,10,412,124878,
2020-08-21,68,95,73,66,25,40,17,9,393,125271,
2020-08-22,72,102,58,65,41,32,10,13,393,125664,
2020-08-23,53,92,69,62,47,32,13,15,383,126047,
2020-08-24,111,120,85,70,67,43,25,14,535,126582,
2020-08-25,105,149,102,80,55,44,24,17,576,127158,
2020-08-26,92,124,98,90,61,40,18,12,535,127693,
2020-08-27,65,92,81,81,58,29,24,20,450,128143,
2020-08-28,119,114,80,82,47,51,29,12,534,128677,
2020-08-29,63,100,83,57,59,35,18,9,424,129101,
2020-08-30,83,122,115,61,61,42,27,6,517,129618,
2020-08-31,119,152,97,86,77,38,22,18,609,130227,
2020-09-01,133,179,132,93,78,47,29,24,715,130942,
2020-09-02,113,179,132,87,79,46,22,18,676,131618,
2020-09-03,126,152,104,86,61,39,28,14,610,132228,
2020-09-04,138,172,127,96,54,46,33,20,686,132914,
2020-09-05,131,156,103,85,55,40,33,41,644,133558,
2020-09-06,121,190,111,85,71,40,12,25,655,134213,
2020-09-07,130,228,124,116,80,52,21,19,770,134983,
2020-09-08,162,258,151,105,116,74,42,23,931,135914,
2020-09-09,189,258,155,139,89,64,27,25,946,136860,
2020-09-10,168,264,145,124,92,61,30,18,902,137762,
2020-09-11,163,243,161,114,96,62,36,33,908,138670,
2020-09-12,181,263,158,115,106,70,35,35,963,139633,
2020-09-13,167,263,165,119,99,74,24,33,944,140577,
2020-09-14,242,328,229,156,127,76,44,20,1222,141799,
2020-09-15,247,416,195,168,117,84,39,38,1304,143103,
2020-09-16,253,379,183,161,149,88,45,46,1304,144407,
2020-09-17,276,303,197,161,146,72,48,32,1235,145642,
2020-09-18,324,331,203,189,159,69,41,47,1363,147005,
2020-09-19,254,298,222,185,123,78,52,33,1245,148250,
2020-09-20,251,307,225,157,156,92,53,37,1278,149528,
2020-09-21,330,429,302,247,209,131,60,58,1766,151294,
2020-09-22,312,452,321,241,218,140,76,53,1813,153107,
2020-09-23,333,442,311,241,220,139,64,68,1818,154925,
2020-09-24,329,424,338,290,225,144,56,68,1874,156799,
2020-09-25,373,480,324,261,256,159,92,83,2028,158827,
2020-09-26,320,402,293,276,227,138,63,77,1796,160623,
2020-09-27,342,412,326,279,243,153,88,76,1919,162542,
2020-09-28,422,545,399,323,284,172,87,146,2378,164920,
2020-09-29,374,545,374,316,269,162,104,96,2240,167160,
2020-09-30,369,503,399,313,272,178,75,118,2227,169387,
2020-10-01,404,443,331,296,279,187,92,76,2108,171495,
2020-10-02,373,397,353,326,272,192,100,93,2106,173601,
2020-10-03,315,413,301,285,235,156,59,52,1816,175417,
2020-10-04,361,403,324,272,235,145,85,52,1877,177294,
2020-10-05,415,493,397,336,306,198,119,98,2362,179656,
2020-10-06,378,466,367,333,292,188,84,111,2219,181875,
2020-10-07,400,433,371,305,283,163,126,152,2233,184108,
2020-10-08,408,340,326,322,321,201,102,141,2161,186269,
2020-10-09,376,406,362,359,328,181,95,133,2240,188509,
2020-10-10,368,360,325,328,300,184,78,94,2037,190546,
2020-10-11,386,365,298,273,256,152,85,93,1908,192454,
2020-10-12,437,432,328,336,325,195,98,111,2262,194716,
2020-10-13,489,499,388,361,366,198,108,152,2561,197277,
2020-10-14,437,500,414,382,320,189,111,114,2467,199744,
2020-10-15,501,495,361,388,309,178,139,137,2508,202252,
2020-10-16,491,481,375,392,332,203,118,160,2552,204804,
2020-10-17,425,474,360,329,346,200,81,106,2321,207125,
2020-10-18,397,429,357,316,338,180,91,131,2239,209364,
2020-10-19,586,542,419,435,394,208,120,154,2858,212222,
2020-10-20,506,500,464,395,369,237,109,152,2732,214954,
2020-10-21,493,526,438,427,377,204,114,179,2758,217712,
2020-10-22,529,523,419,413,333,223,112,157,2709,220421,
2020-10-23,528,540,436,404,355,227,116,162,2768,223189,
2020-10-24,465,467,420,382,370,222,108,127,2561,225750,
2020-10-25,518,419,396,398,385,199,118,148,2581,228331,
2020-10-26,631,597,489,491,401,265,163,224,3261,231592,
2020-10-27,599,607,509,452,429,239,154,239,3228,234820,
2020-10-28,610,643,517,487,463,268,169,261,3418,238238,
2020-10-29,534,551,475,426,410,248,147,173,2964,241202,
2020-10-30,614,572,496,475,494,259,148,156,3214,244416,
2020-10-31,586,578,548,472,424,221,125,140,3094,247510,
2020-11-01,576,592,500,466,358,264,134,131,3021,250531,
2020-11-02,850,845,676,604,509,345,210,281,4320,254851,
2020-11-03,753,853,650,652,493,331,170,220,4122,258973,
2020-11-04,855,777,665,581,528,341,200,222,4169,263142,
2020-11-05,749,737,599,585,480,329,188,258,3925,267067,
2020-11-06,728,760,620,581,544,368,195,284,4080,271147,
2020-11-07,628,646,569,561,491,286,162,241,3584,274731,
2020-11-08,620,623,487,459,379,248,137,154,3107,277838,
2020-11-09,712,737,603,572,496,329,172,266,3887,281725,
2020-11-10,708,788,577,538,470,295,154,212,3742,285467,
2020-11-11,645,675,530,492,434,279,164,221,3440,288907,
2020-11-12,587,572,526,444,385,262,177,204,3157,292064,
2020-11-13,474,500,470,416,389,245,119,195,2808,294872,
2020-11-14,336,411,322,309,329,201,81,116,2105,296977,
2020-11-15,255,285,234,196,214,126,71,99,1480,298457,
2020-11-16,277,316,253,234,209,136,72,116,1613,300070,
2020-11-17,223,223,210,182,159,104,65,95,1261,301331,
2020-11-18,175,185,150,126,132,75,56,85,984,302315,
2020-11-19,147,144,136,113,114,91,46,38,829,303144,
2020-11-20,28,45,33,22,25,18,13,7,191,303335,
2020-11-21,0,0,1,0,0,0,0,0,1,303336,
2020-11-22,0,0,0,0,0,0,0,0,0,303336,