date,0-19,20-29,30-39,40-49,50-59,60-69,70-79,80+,new,cumulative-n-age,shaded
2020-01-15,0,0,1,0,0,0,0,0,1,1,14
2020-01-16,0,0,1,0,1,0,0,0,2,3,
2020-01-17,0,0,0,0,0,0,0,0,0,3,
2020-01-18,0,0,0,0,0,0,0,0,0,3,
2020-01-19,0,0,0,0,0,0,0,0,0,3,
2020-01-20,0,0,0,0,0,0,0,0,0,3,
2020-01-21,0,0,0,0,1,0,0,0,1,4,
2020-01-22,0,0,0,1,1,0,0,0,2,6,
2020-01-23,0,0,0,0,0,0,0,0,0,6,
2020-01-24,0,2,0,0,0,0,0,0,2,8,
2020-01-25,0,0,0,0,0,0,0,0,0,8,
2020-01-26,0,1,0,0,0,0,0,0,1,9,
2020-01-27,0,0,0,0,1,0,0,0,1,10,
2020-01-28,0,1,0,1,0,0,0,0,2,12,
2020-01-29,0,0,0,0,0,0,0,0,0,12,
2020-01-30,0,0,0,0,0,0,0,0,0,12,
2020-01-31,0,0,2,0,0,0,0,0,2,14,
2020-02-01,0,0,0,0,1,1,0,0,2,16,
2020-02-02,0,1,1,0,0,0,0,0,2,18,
2020-02-03,0,0,0,0,1,0,0,0,1,19,
2020-02-04,0,0,0,0,0,0,0,2,2,21,
2020-02-05,0,2,0,0,0,0,0,0,2,23,
2020-02-06,0,0,0,0,0,0,0,0,0,23,
2020-02-07,1,0,0,0,0,0,0,0,1,24,
2020-02-08,0,0,0,0,0,0,0,0,0,24,
2020-02-09,0,0,2,0,0,0,0,0,2,26,
2020-02-10,0,0,0,0,0,2,0,0,2,28,
2020-02-11,0,0,0,0,0,0,0,1,1,29,
2020-02-12,0,0,0,0,1,0,0,0,1,30,
2020-02-13,0,0,0,1,0,0,0,0,1,31,
2020-02-14,0,0,2,0,0,1,1,0,4,35,
2020-02-15,1,0,0,1,0,0,0,0,2,37,
2020-02-16,0,0,0,0,0,1,0,0,1,38,
2020-02-17,0,1,0,0,0,1,0,0,2,40,
2020-02-18,0,0,0,1,0,0,0,1,2,42,
2020-02-19,0,1,0,2,0,0,0,0,3,45,
2020-02-20,0,0,2,0,1,1,2,1,7,52,
2020-02-21,0,0,0,1,0,1,0,0,2,54,
2020-02-22,0,0,0,1,1,0,3,0,5,59,
2020-02-23,2,3,1,2,3,4,1,0,16,75,
2020-02-24,1,0,3,1,5,1,3,0,14,89,
2020-02-25,1,1,1,1,3,7,1,0,15,104,
2020-02-26,2,1,1,3,1,4,0,0,12,116,
2020-02-27,1,3,5,2,7,4,1,2,25,141,
2020-02-28,0,1,4,3,5,8,2,12,35,176,
2020-02-29,0,3,3,5,5,7,1,3,27,203,
2020-03-01,1,2,10,7,8,9,7,6,50,253,
2020-03-02,4,3,12,7,9,5,5,2,47,300,
2020-03-03,0,4,7,4,11,17,6,4,53,353,
2020-03-04,3,6,4,8,12,11,6,2,52,405,
2020-03-05,1,6,12,9,12,13,6,4,63,468,
2020-03-06,4,8,15,11,13,15,8,9,83,551,
2020-03-07,6,11,9,16,24,13,5,5,89,640,
2020-03-08,4,14,19,28,34,20,8,4,131,771,
2020-03-09,8,30,38,39,53,33,18,5,224,995,
2020-03-10,13,23,46,38,56,50,22,12,260,1255,
2020-03-11,12,46,49,62,51,38,27,11,296,1551,
2020-03-12,11,53,76,77,76,44,38,15,390,1941,
2020-03-13,29,58,66,89,81,75,41,17,456,2397,
2020-03-14,23,51,61,77,103,82,50,18,465,2862,
2020-03-15,23,75,108,99,115,90,53,36,599,3461,
2020-03-16,38,123,140,154,158,132,58,27,830,4291,
2020-03-17,43,111,160,157,175,119,70,44,879,5170,
2020-03-18,48,150,146,168,173,133,85,45,948,6118,
2020-03-19,42,127,116,141,139,133,73,35,806,6924,
2020-03-20,53,153,162,157,189,177,69,61,1021,7945,
2020-03-21,53,131,151,136,151,132,79,49,882,8827,
2020-03-22,51,133,122,145,170,131,56,59,867,9694,
2020-03-23,57,161,173,163,193,146,82,89,1064,10758,
2020-03-24,61,153,133,152,167,133,83,72,954,11712,
2020-03-25,59,142,136,164,167,119,76,105,968,12680,
2020-03-26,55,111,118,145,184,127,73,98,911,13591,
2020-03-27,45,145,114,163,170,128,76,104,945,14536,
2020-03-28,49,119,137,163,163,115,85,118,949,15485,
2020-03-29,49,113,115,140,148,102,82,111,860,16345,
2020-03-30,58,129,147,211,186,124,91,186,1132,17477,
2020-03-31,43,124,122,167,141,114,91,162,964,18441,
2020-04-01,79,136,171,185,219,155,124,216,1285,19726,
2020-04-02,68,118,135,225,174,113,86,243,1162,20888,
2020-04-03,66,132,161,224,206,143,114,281,1327,22215,
2020-04-04,57,119,152,182,209,104,96,228,1147,23362,
2020-04-05,44,139,133,178,150,106,81,237,1068,24430,
2020-04-06,77,162,196,233,222,136,104,269,1399,25829,
2020-04-07,63,131,163,208,221,114,109,265,1274,27103,
2020-04-08,93,140,192,226,222,112,95,330,1410,28513,
2020-04-09,76,127,190,258,223,131,116,338,1459,29972,
2020-04-10,85,201,221,272,251,161,124,426,1741,31713,
2020-04-11,70,154,186,246,244,148,104,474,1626,33339,
2020-04-12,89,175,196,243,209,131,109,323,1475,34814,
2020-04-13,93,214,233,299,298,192,146,563,2038,36852,
2020-04-14,84,196,229,261,241,160,138,472,1781,38633,
2020-04-15,111,220,237,249,246,173,162,470,1868,40501,
2020-04-16,123,177,208,255,208,184,157,626,1938,42439,
2020-04-17,106,202,230,295,260,154,153,468,1868,44307,
2020-04-18,97,196,206,215,273,150,148,378,1663,45970,
2020-04-19,72,135,171,207,199,96,92,306,1278,47248,
2020-04-20,91,238,230,277,261,175,134,387,1793,49041,
2020-04-21,75,150,200,219,207,125,107,356,1439,50480,
2020-04-22,92,168,194,220,233,124,127,386,1544,52024,
2020-04-23,93,192,209,208,225,164,119,371,1581,53605,
2020-04-24,91,178,238,242,228,119,118,294,1508,55113,
2020-04-25,104,185,181,228,192,129,98,286,1403,56516,
2020-04-26,114,206,196,205,189,118,90,236,1354,57870,
2020-04-27,110,202,215,242,257,160,150,341,1677,59547,
2020-04-28,116,179,215,230,187,149,121,327,1524,61071,
2020-04-29,88,190,202,206,191,141,128,345,1491,62562,
2020-04-30,84,177,178,187,239,139,123,319,1446,64008,
2020-05-01,88,213,240,267,250,117,102,316,1593,65601,
2020-05-02,89,153,160,168,181,80,68,173,1072,66673,
2020-05-03,97,145,141,167,144,95,76,182,1047,67720,
2020-05-04,86,180,153,208,208,109,98,283,1325,69045,
2020-05-05,88,158,156,163,195,84,119,294,1257,70302,
2020-05-06,95,132,149,154,177,103,88,195,1093,71395,
2020-05-07,80,166,148,149,182,111,73,214,1123,72518,
2020-05-08,84,156,183,163,189,86,78,206,1145,73663,
2020-05-09,71,136,129,158,174,97,88,186,1039,74702,
2020-05-10,77,139,137,133,139,89,83,188,985,75687,
2020-05-11,98,184,177,161,187,103,84,225,1219,76906,
2020-05-12,99,174,129,138,161,102,90,205,1098,78004,
2020-05-13,78,144,160,137,172,107,73,218,1089,79093,
2020-05-14,111,154,155,153,146,120,81,254,1174,80267,
2020-05-15,93,181,178,182,173,136,85,249,1277,81544,
2020-05-16,86,146,135,156,182,98,61,121,985,82529,
2020-05-17,78,142,148,148,136,81,56,129,918,83447,
2020-05-18,110,165,157,154,143,85,84,179,1077,84524,
2020-05-19,89,153,131,147,147,72,56,149,944,85468,
2020-05-20,103,179,123,171,141,102,70,205,1094,86562,
2020-05-21,93,151,119,127,116,74,46,130,856,87418,
2020-05-22,87,136,130,139,131,68,59,100,850,88268,
2020-05-23,79,134,95,124,110,66,28,78,714,88982,
2020-05-24,70,98,83,106,106,66,36,80,645,89627,
2020-05-25,89,146,126,119,117,76,52,104,829,90456,
2020-05-26,73,115,119,114,89,74,51,90,725,91181,
2020-05-27,60,111,101,97,106,60,47,110,692,91873,
2020-05-28,54,98,86,83,90,49,39,86,585,92458,
2020-05-29,58,103,108,128,90,68,44,91,690,93148,
2020-05-30,57,113,105,94,70,44,26,39,548,93696,
2020-05-31,64,98,92,64,75,32,25,33,483,94179,
2020-06-01,60,119,107,78,85,44,38,82,613,94792,
2020-06-02,49,96,90,64,75,51,21,49,495,95287,
2020-06-03,83,105,88,71,48,45,19,50,509,95796,
2020-06-04,65,88,57,54,55,42,31,42,434,96230,
2020-06-05,55,98,51,78,61,36,26,25,430,96660,
2020-06-06,46,78,65,49,48,39,24,39,388,97048,
2020-06-07,51,70,60,43,40,24,19,20,327,97375,
2020-06-08,52,75,63,60,49,28,29,37,393,97768,
2020-06-09,46,84,66,42,41,37,26,19,361,98129,
2020-06-10,47,87,71,67,59,35,21,34,421,98550,
2020-06-11,50,67,54,52,55,29,26,30,363,98913,
2020-06-12,55,76,61,49,63,24,24,19,371,99284,
2020-06-13,37,67,50,32,31,17,12,28,274,99558,
2020-06-14,34,81,46,42,39,29,16,17,304,99862,
2020-06-15,58,82,56,55,56,37,19,27,390,100252,
2020-06-16,48,80,59,58,36,36,18,20,355,100607,
2020-06-17,43,85,55,43,44,34,16,26,346,100953,
2020-06-18,31,78,51,48,36,29,14,22,309,101262,
2020-06-19,44,74,58,41,52,26,14,19,328,101590,
2020-06-20,39,63,48,43,42,23,10,17,285,101875,
2020-06-21,30,61,60,35,30,23,15,21,275,102150,
2020-06-22,43,70,61,42,57,27,17,17,334,102484,
2020-06-23,46,67,58,51,46,20,15,14,317,102801,
2020-06-24,40,64,46,36,39,18,15,20,278,103079,
2020-06-25,39,120,70,61,37,23,18,21,389,103468,
2020-06-26,47,60,48,25,31,25,8,20,264,103732,
2020-06-27,42,57,53,29,39,21,13,15,269,104001,
2020-06-28,37,72,55,41,27,17,12,13,274,104275,
2020-06-29,56,57,61,42,38,29,12,21,316,104591,
2020-06-30,45,64,50,47,36,19,19,14,294,104885,
2020-07-01,45,50,39,51,37,27,7,19,275,105160,
2020-07-02,37,49,36,46,33,32,9,15,257,105417,
2020-07-03,40,75,45,28,43,27,11,14,283,105700,
2020-07-04,56,61,35,41,31,37,14,13,288,105988,
2020-07-05,60,62,41,31,34,24,12,9,273,106261,
2020-07-06,63,126,99,57,42,35,30,22,474,106735,
2020-07-07,69,113,69,53,44,36,12,24,420,107155,
2020-07-08,67,109,77,49,51,42,16,19,430,107585,
2020-07-09,64,96,71,60,57,25,11,17,401,107986,
2020-07-10,71,68,62,60,67,36,18,17,399,108385,
2020-07-11,51,122,64,34,32,33,15,17,368,108753,
2020-07-12,32,149,75,37,42,25,11,13,384,109137,
2020-07-13,72,181,111,65,74,49,21,27,600,109737,
2020-07-14,64,179,96,77,57,39,15,13,540,110277,
2020-07-15,57,173,100,84,66,35,13,21,549,110826,
2020-07-16,57,149,66,61,50,24,16,26,449,111275,
2020-07-17,68,128,97,59,62,37,13,18,482,111757,
2020-07-18,61,115,62,48,56,27,14,14,397,112154,
2020-07-19,61,104,46,55,47,33,18,16,380,112534,
2020-07-20,81,138,86,75,65,31,24,20,520,113054,
2020-07-21,89,151,79,59,41,31,12,22,484,113538,
2020-07-22,87,130,77,41,46,26,16,20,443,113981,
2020-07-23,86,94,62,48,47,32,19,14,402,114383,
2020-07-24,83,85,71,59,51,34,21,9,413,114796,
2020-07-25,51,76,57,39,39,24,13,6,305,115101,
2020-07-26,74,71,62,42,37,22,11,7,326,115427,
2020-07-27,79,142,81,47,47,30,17,18,461,115888,
2020-07-28,67,93,66,56,47,32,13,21,395,116283,
2020-07-29,75,96,79,55,37,15,12,9,378,116661,
2020-07-30,49,95,63,43,43,25,5,8,331,116992,
2020-07-31,55,69,61,48,33,22,16,11,315,117307,
2020-08-01,57,100,52,43,30,19,12,8,321,117628,
2020-08-02,60,88,59,37,35,26,9,9,323,117951,
2020-08-03,79,110,82,49,54,28,12,9,423,118374,
2020-08-04,64,109,72,56,61,25,13,11,411,118785,
2020-08-05,59,93,72,60,39,23,17,3,366,119151,
2020-08-06,49,91,67,50,42,23,12,15,349,119500,
2020-08-07,64,93,82,48,41,21,15,10,374,119874,
2020-08-08,52,74,69,48,38,17,15,7,320,120194,
2020-08-09,44,96,60,35,30,22,12,6,305,120499,
2020-08-10,68,104,95,52,37,31,21,17,425,120924,
2020-08-11,66,125,78,42,50,40,26,13,440,121364,
2020-08-12,60,86,63,50,46,26,18,7,356,121720,
2020-08-13,90,101,64,53,37,14,14,10,383,122103,
2020-08-14,43,93,66,55,43,24,12,10,346,122449,
2020-08-15,55,83,64,57,40,21,20,9,349,122798,
2020-08-16,47,93,71,50,49,30,12,15,367,123165,
2020-08-17,74,146,88,71,46,29,20,14,488,123653,
2020-08-18,79,107,73,55,37,17,18,10,396,124049,
2020-08-19,83,98,66,53,46,27,28,17,418,124467,
2020-08-20,78,89,82,54,50,22,27,10,412,124879,
2020-08-21,68,95,73,66,25,40,17,9,393,125272,
2020-08-22,72,102,58,65,41,32,10,13,393,125665,
2020-08-23,53,92,69,62,47,32,13,15,383,126048,
2020-08-24,111,120,85,70,67,43,25,14,535,126583,
2020-08-25,105,149,102,80,55,44,24,17,576,127159,
2020-08-26,92,124,98,90,61,40,18,12,535,127694,
2020-08-27,65,92,81,81,58,29,24,20,450,128144,
2020-08-28,119,114,80,82,47,51,29,12,534,128678,
2020-08-29,63,100,83,57,59,35,18,9,424,129102,
2020-08-30,83,122,115,61,61,42,27,6,517,129619,
2020-08-31,119,152,97,86,77,38,22,18,609,130228,
2020-09-01,133,179,132,93,78,47,29,24,715,130943,
2020-09-02,113,179,132,87,79,46,22,18,676,131619,
2020-09-03,126,152,104,86,61,39,28,14,610,132229,
2020-09-04,138,172,127,96,54,46,33,20,686,132915,
2020-09-05,131,156,103,85,55,40,33,41,644,133559,
2020-09-06,121,190,111,85,71,40,12,25,655,134214,
2020-09-07,130,228,124,116,80,52,21,19,770,134984,
2020-09-08,162,258,151,105,116,74,42,23,931,135915,
2020-09-09,189,258,155,139,89,64,27,25,946,136861,
2020-09-10,168,264,145,124,92,61,30,18,902,137763,
2020-09-11,163,243,161,114,96,62,36,33,908,138671,
2020-09-12,181,263,158,115,106,70,35,35,963,139634,
2020-09-13,167,263,165,119,99,74,24,33,944,140578,
2020-09-14,242,328,229,156,127,76,44,20,1222,141800,
2020-09-15,247,416,195,168,117,84,39,38,1304,143104,
2020-09-16,253,379,183,161,149,88,45,46,1304,144408,
2020-09-17,276,303,197,161,146,72,48,31,1234,145642,
2020-09-18,324,331,203,189,159,69,41,47,1363,147005,
2020-09-19,254,298,222,185,123,78,52,33,1245,148250,
2020-09-20,251,307,225,157,156,92,53,37,1278,149528,
2020-09-21,330,429,302,247,209,131,60,58,1766,151294,
2020-09-22,312,452,321,241,218,140,76,53,1813,153107,
2020-09-23,333,442,311,241,220,139,64,68,1818,154925,
2020-09-24,329,424,338,290,225,144,56,68,1874,156799,
2020-09-25,373,480,324,261,256,159,92,83,2028,158827,
2020-09-26,320,402,293,276,227,138,63,77,1796,160623,
2020-09-27,342,412,326,279,243,153,88,76,1919,162542,
2020-09-28,422,545,399,323,284,172,87,146,2378,164920,
2020-09-29,374,545,374,316,269,162,104,96,2240,167160,
2020-09-30,369,503,399,313,272,178,75,118,2227,169387,
2020-10-01,404,443,331,296,279,187,92,76,2108,171495,
2020-10-02,373,397,353,326,272,192,100,93,2106,173601,
2020-10-03,315,413,301,285,235,156,59,52,1816,175417,
2020-10-04,361,403,324,272,235,145,85,52,1877,177294,
2020-10-05,415,493,396,336,306,198,119,98,2361,179655,
2020-10-06,377,466,367,333,292,188,84,111,2218,181873,
2020-10-07,400,433,371,305,283,163,126,152,2233,184106,
2020-10-08,406,340,325,322,321,201,102,141,2158,186264,
2020-10-09,376,406,362,359,328,181,95,132,2239,188503,
2020-10-10,369,358,326,328,300,184,78,94,2037,190540,
2020-10-11,386,365,298,273,256,152,85,94,1909,192449,
2020-10-12,436,431,328,336,325,195,99,111,2261,194710,
2020-10-13,489,501,388,361,366,198,108,152,2563,197273,
2020-10-14,439,500,413,382,320,188,110,114,2466,199739,
2020-10-15,500,495,361,388,309,177,139,137,2506,202245,
2020-10-16,492,481,376,392,332,203,118,160,2554,204799,
2020-10-17,424,475,360,329,346,201,81,107,2323,207122,
2020-10-18,397,429,357,316,338,180,91,131,2239,209361,
2020-10-19,588,542,419,435,394,209,120,154,2861,212222,
2020-10-20,506,500,464,395,369,237,109,152,2732,214954,
2020-10-21,492,526,438,427,377,204,114,179,2757,217711,
2020-10-22,527,523,419,413,333,223,112,157,2707,220418,
2020-10-23,528,540,436,404,355,228,116,162,2769,223187,
2020-10-24,465,467,419,382,369,221,108,127,2558,225745,
2020-10-25,517,419,395,398,386,199,118,148,2580,228325,
2020-10-26,634,597,490,491,401,265,163,223,3264,231589,
2020-10-27,599,607,509,453,428,239,153,239,3227,234816,
2020-10-28,610,642,516,486,463,269,169,261,3416,238232,
2020-10-29,533,549,475,421,408,247,147,174,2954,241186,
2020-10-30,614,571,493,475,494,259,148,158,3212,244398,
2020-10-31,584,579,549,472,424,221,124,139,3092,247490,
2020-11-01,575,591,500,467,358,264,134,131,3020,250510,
2020-11-02,848,845,675,606,509,345,210,279,4317,254827,
2020-11-03,750,850,649,650,491,331,171,221,4113,258940,
2020-11-04,856,776,662,579,530,340,199,219,4161,263101,
2020-11-05,752,741,600,586,479,327,187,257,3929,267030,
2020-11-06,722,758,619,582,539,368,195,283,4066,271096,
2020-11-07,627,643,567,556,487,282,160,241,3563,274659,
2020-11-08,615,615,484,453,374,246,137,152,3076,277735,
2020-11-09,708,729,600,568,494,327,169,266,3861,281596,
2020-11-10,700,777,570,538,464,292,151,210,3702,285298,
2020-11-11,634,666,524,482,430,277,161,220,3394,288692,
2020-11-12,583,566,518,440,379,257,178,205,3126,291818,
2020-11-13,465,482,459,410,375,232,113,193,2729,294547,
2020-11-14,321,381,306,291,310,183,75,110,1977,296524,
2020-11-15,236,259,203,175,196,116,66,93,1344,297868,
2020-11-16,241,296,230,204,194,120,66,113,1464,299332,
2020-11-17,187,177,169,165,151,90,59,83,1081,300413,
2020-11-18,120,149,150,110,121,76,43,55,824,301237,
2020-11-19,36,41,38,34,28,23,15,13,228,301465,
2020-11-20,0,0,0,0,1,0,0,0,1,301466,
2020-11-21,0,0,0,0,0,0,0,0,0,301466,