date,0-19,20-29,30-39,40-49,50-59,60-69,70-79,80+,new,cumulative-n-age,shaded
2020-01-15,0,0,1,0,0,0,0,0,1,1,14
2020-01-16,0,0,0,0,1,0,0,0,1,2,
2020-01-17,0,0,0,0,0,0,0,0,0,2,
2020-01-18,0,0,0,0,0,0,0,0,0,2,
2020-01-19,0,0,0,0,0,0,0,0,0,2,
2020-01-20,0,0,0,0,0,0,0,0,0,2,
2020-01-21,0,0,0,0,1,0,0,0,1,3,
2020-01-22,0,0,0,1,1,0,0,0,2,5,
2020-01-23,0,0,0,0,0,0,0,0,0,5,
2020-01-24,0,2,0,0,0,0,0,0,2,7,
2020-01-25,0,0,0,0,0,0,0,0,0,7,
2020-01-26,0,0,0,0,0,0,0,0,0,7,
2020-01-27,0,0,0,0,1,0,0,0,1,8,
2020-01-28,0,1,0,0,0,0,0,0,1,9,
2020-01-29,0,0,0,0,0,0,0,0,0,9,
2020-01-30,0,0,0,0,0,0,0,0,0,9,
2020-01-31,0,0,1,0,0,0,0,0,1,10,
2020-02-01,0,0,0,0,1,1,0,0,2,12,
2020-02-02,0,0,1,0,0,0,0,0,1,13,
2020-02-03,0,0,0,0,1,0,0,0,1,14,
2020-02-04,0,0,0,0,0,0,0,2,2,16,
2020-02-05,0,2,0,0,0,0,0,0,2,18,
2020-02-06,0,0,0,0,0,0,0,0,0,18,
2020-02-07,1,0,0,0,0,0,0,0,1,19,
2020-02-08,0,0,0,0,0,0,0,0,0,19,
2020-02-09,0,0,1,0,0,0,0,0,1,20,
2020-02-10,0,0,0,0,0,2,0,0,2,22,
2020-02-11,0,0,0,0,0,0,0,0,0,22,
2020-02-12,0,0,0,0,1,0,0,0,1,23,
2020-02-13,0,0,0,1,0,0,0,0,1,24,
2020-02-14,0,0,2,0,0,1,1,0,4,28,
2020-02-15,1,0,0,1,0,0,0,0,2,30,
2020-02-16,0,0,0,0,0,1,0,0,1,31,
2020-02-17,0,1,0,0,0,1,0,0,2,33,
2020-02-18,0,0,0,1,0,0,0,1,2,35,
2020-02-19,0,1,0,2,0,0,0,0,3,38,
2020-02-20,0,0,2,0,1,1,2,1,7,45,
2020-02-21,0,0,0,1,0,1,0,0,2,47,
2020-02-22,0,0,0,1,1,0,3,0,5,52,
2020-02-23,2,3,1,2,3,4,1,0,16,68,
2020-02-24,1,0,3,1,5,1,3,0,14,82,
2020-02-25,1,1,1,1,3,7,1,0,15,97,
2020-02-26,2,1,1,3,1,4,0,0,12,109,
2020-02-27,1,3,5,2,7,4,1,2,25,134,
2020-02-28,0,1,4,3,5,8,2,12,35,169,
2020-02-29,0,3,3,5,5,7,1,3,27,196,
2020-03-01,0,2,9,7,8,8,7,6,47,243,
2020-03-02,4,3,12,7,9,6,5,2,48,291,
2020-03-03,0,4,7,4,11,17,6,4,53,344,
2020-03-04,3,5,4,8,12,11,6,2,51,395,
2020-03-05,1,6,12,9,12,13,6,4,63,458,
2020-03-06,4,8,15,11,13,15,8,9,83,541,
2020-03-07,6,11,9,16,24,13,5,5,89,630,
2020-03-08,4,14,19,28,34,20,8,4,131,761,
2020-03-09,8,30,38,39,53,33,18,5,224,985,
2020-03-10,12,23,45,37,56,50,22,12,257,1242,
2020-03-11,12,46,50,63,51,38,27,10,297,1539,
2020-03-12,12,52,75,75,74,44,37,14,383,1922,
2020-03-13,28,57,65,90,83,74,42,17,456,2378,
2020-03-14,23,51,60,76,102,79,49,18,458,2836,
2020-03-15,23,74,107,99,115,92,54,35,599,3435,
2020-03-16,38,127,141,153,158,133,58,28,836,4271,
2020-03-17,39,104,160,158,173,116,70,44,864,5135,
2020-03-18,51,156,148,165,174,133,85,45,957,6092,
2020-03-19,43,127,117,145,139,133,71,34,809,6901,
2020-03-20,53,149,163,156,188,174,71,62,1016,7917,
2020-03-21,53,135,150,136,154,136,78,49,891,8808,
2020-03-22,51,134,122,146,167,129,56,59,864,9672,
2020-03-23,57,162,169,164,193,146,84,88,1063,10735,
2020-03-24,61,152,134,151,168,135,83,72,956,11691,
2020-03-25,60,140,137,164,169,117,77,107,971,12662,
2020-03-26,54,114,118,146,180,126,71,97,906,13568,
2020-03-27,45,144,112,162,173,132,76,104,948,14516,
2020-03-28,50,119,139,162,163,115,88,119,955,15471,
2020-03-29,49,113,117,141,150,103,82,110,865,16336,
2020-03-30,58,132,146,212,186,125,90,187,1136,17472,
2020-03-31,43,123,121,166,141,114,91,160,959,18431,
2020-04-01,79,138,175,185,222,155,125,218,1297,19728,
2020-04-02,68,116,133,224,172,112,86,245,1156,20884,
2020-04-03,66,133,161,224,208,144,115,281,1332,22216,
2020-04-04,57,119,151,183,210,105,97,228,1150,23366,
2020-04-05,42,139,132,178,150,106,81,237,1065,24431,
2020-04-06,79,162,198,234,222,137,102,272,1406,25837,
2020-04-07,63,132,164,208,219,114,110,264,1274,27111,
2020-04-08,93,138,190,227,223,112,95,328,1406,28517,
2020-04-09,77,129,191,259,223,132,115,339,1465,29982,
2020-04-10,85,199,219,271,250,160,125,428,1737,31719,
2020-04-11,71,154,186,246,244,148,104,473,1626,33345,
2020-04-12,88,172,196,244,208,132,109,327,1476,34821,
2020-04-13,94,215,230,298,301,190,144,561,2033,36854,
2020-04-14,84,198,229,265,235,160,137,474,1782,38636,
2020-04-15,111,218,236,247,251,174,165,468,1870,40506,
2020-04-16,125,180,213,251,207,182,155,626,1939,42445,
2020-04-17,106,204,227,294,260,155,154,471,1871,44316,
2020-04-18,97,196,207,219,277,150,147,375,1668,45984,
2020-04-19,71,134,166,205,197,93,93,308,1267,47251,
2020-04-20,92,235,234,278,263,177,139,391,1809,49060,
2020-04-21,73,155,200,219,203,126,105,354,1435,50495,
2020-04-22,93,168,195,220,233,124,126,388,1547,52042,
2020-04-23,93,189,210,208,225,162,117,368,1572,53614,
2020-04-24,92,179,238,239,226,120,118,297,1509,55123,
2020-04-25,104,188,183,228,195,128,97,285,1408,56531,
2020-04-26,115,204,197,205,188,113,88,233,1343,57874,
2020-04-27,109,200,216,244,255,162,149,338,1673,59547,
2020-04-28,115,181,212,226,181,149,123,328,1515,61062,
2020-04-29,88,188,202,206,195,143,127,341,1490,62552,
2020-04-30,84,185,180,187,239,138,116,320,1449,64001,
2020-05-01,89,208,238,269,252,118,104,310,1588,65589,
2020-05-02,87,152,164,173,182,80,71,177,1086,66675,
2020-05-03,100,145,142,165,140,93,74,180,1039,67714,
2020-05-04,85,177,152,207,207,106,99,286,1319,69033,
2020-05-05,88,160,156,164,193,85,118,294,1258,70291,
2020-05-06,97,133,148,155,183,101,87,189,1093,71384,
2020-05-07,80,165,152,148,184,110,72,212,1123,72507,
2020-05-08,85,157,184,167,189,88,81,210,1161,73668,
2020-05-09,70,132,129,157,177,96,87,186,1034,74702,
2020-05-10,76,141,138,131,136,90,85,181,978,75680,
2020-05-11,102,184,177,163,187,105,82,231,1231,76911,
2020-05-12,99,174,129,139,160,99,91,195,1086,77997,
2020-05-13,78,140,160,137,173,108,77,221,1094,79091,
2020-05-14,111,153,147,151,146,117,78,253,1156,80247,
2020-05-15,96,184,184,184,171,134,82,237,1272,81519,
2020-05-16,83,144,137,151,182,102,63,134,996,82515,
2020-05-17,81,145,144,151,132,79,59,128,919,83434,
2020-05-18,109,163,160,154,144,86,80,182,1078,84512,
2020-05-19,87,150,124,142,147,75,62,153,940,85452,
2020-05-20,108,180,127,167,144,98,69,202,1095,86547,
2020-05-21,89,159,116,137,115,75,47,132,870,87417,
2020-05-22,87,135,131,135,130,71,57,98,844,88261,
2020-05-23,83,130,90,119,111,66,29,76,704,88965,
2020-05-24,70,100,83,110,104,61,36,79,643,89608,
2020-05-25,90,144,125,117,122,79,50,101,828,90436,
2020-05-26,68,116,122,111,84,70,54,95,720,91156,
2020-05-27,64,114,104,105,104,62,47,113,713,91869,
2020-05-28,53,90,83,82,92,50,42,86,578,92447,
2020-05-29,58,111,112,125,90,67,44,88,695,93142,
2020-05-30,56,109,103,99,71,47,26,48,559,93701,
2020-05-31,60,100,81,57,63,24,23,26,434,94135,
2020-06-01,62,122,117,84,94,50,41,92,662,94797,
2020-06-02,52,95,92,67,75,46,20,50,497,95294,
2020-06-03,79,100,85,62,49,46,20,43,484,95778,
2020-06-04,66,93,63,60,54,42,27,46,451,96229,
2020-06-05,55,99,49,81,66,39,28,27,444,96673,
2020-06-06,44,77,63,46,46,40,22,32,370,97043,
2020-06-07,50,66,57,42,35,21,22,27,320,97363,
2020-06-08,59,78,67,61,53,30,26,30,404,97767,
2020-06-09,45,88,65,42,40,36,30,26,372,98139,
2020-06-10,47,88,73,69,60,37,21,38,433,98572,
2020-06-11,50,67,54,51,55,29,25,29,360,98932,
2020-06-12,54,76,61,52,63,24,26,18,374,99306,
2020-06-13,37,68,48,30,29,17,12,27,268,99574,
2020-06-14,33,82,47,43,38,28,15,17,303,99877,
2020-06-15,57,79,56,53,57,38,20,25,385,100262,
2020-06-16,46,77,59,58,36,35,18,22,351,100613,
2020-06-17,42,84,53,43,43,34,16,27,342,100955,
2020-06-18,29,79,50,45,36,28,15,21,303,101258,
2020-06-19,46,75,58,42,52,25,14,19,331,101589,
2020-06-20,38,61,50,44,39,24,11,17,284,101873,
2020-06-21,30,62,59,35,29,23,15,20,273,102146,
2020-06-22,41,69,59,43,58,27,18,17,332,102478,
2020-06-23,46,67,61,50,45,21,15,14,319,102797,
2020-06-24,41,64,46,36,40,18,15,20,280,103077,
2020-06-25,39,119,68,61,39,24,18,21,389,103466,
2020-06-26,47,61,47,25,31,25,8,17,261,103727,
2020-06-27,41,57,53,29,39,21,13,16,269,103996,
2020-06-28,37,70,55,39,28,18,12,11,270,104266,
2020-06-29,56,58,59,42,38,29,13,22,317,104583,
2020-06-30,43,63,50,47,35,19,19,14,290,104873,
2020-07-01,45,52,39,50,37,27,7,19,276,105149,
2020-07-02,38,46,36,45,32,31,9,15,252,105401,
2020-07-03,39,73,45,28,44,28,11,14,282,105683,
2020-07-04,57,63,36,38,30,37,13,13,287,105970,
2020-07-05,58,60,39,32,34,23,12,8,266,106236,
2020-07-06,63,128,98,54,42,34,29,25,473,106709,
2020-07-07,68,112,70,55,43,37,14,23,422,107131,
2020-07-08,67,106,76,50,52,42,15,19,427,107558,
2020-07-09,64,99,72,58,54,24,13,17,401,107959,
2020-07-10,68,67,59,56,65,36,18,16,385,108344,
2020-07-11,52,117,63,34,32,33,15,17,363,108707,
2020-07-12,31,149,75,38,39,25,11,13,381,109088,
2020-07-13,71,183,108,63,77,50,21,27,600,109688,
2020-07-14,63,175,94,75,54,39,15,11,526,110214,
2020-07-15,56,167,103,83,67,35,13,23,547,110761,
2020-07-16,58,145,65,60,49,24,16,26,443,111204,
2020-07-17,67,127,96,61,62,33,12,18,476,111680,
2020-07-18,61,117,62,48,55,28,13,14,398,112078,
2020-07-19,60,104,46,52,44,32,18,16,372,112450,
2020-07-20,80,137,86,75,64,31,25,20,518,112968,
2020-07-21,89,148,78,60,41,31,12,22,481,113449,
2020-07-22,85,129,73,39,46,27,15,19,433,113882,
2020-07-23,84,89,62,49,47,31,21,15,398,114280,
2020-07-24,80,83,67,56,49,34,21,9,399,114679,
2020-07-25,48,74,55,37,38,25,13,4,294,114973,
2020-07-26,70,66,65,36,36,19,10,5,307,115280,
2020-07-27,81,136,72,49,44,30,17,14,443,115723,
2020-07-28,66,87,62,48,39,25,10,18,355,116078,
2020-07-29,72,89,79,57,34,17,11,8,367,116445,
2020-07-30,44,85,57,36,42,22,5,8,299,116744,
2020-07-31,52,64,59,48,30,23,15,9,300,117044,
2020-08-01,53,95,47,43,30,17,11,8,304,117348,
2020-08-02,55,70,52,37,32,23,8,7,284,117632,
2020-08-03,68,98,78,44,49,24,11,5,377,118009,
2020-08-04,58,110,66,50,56,24,11,11,386,118395,
2020-08-05,58,89,72,59,37,24,14,2,355,118750,
2020-08-06,43,88,58,43,43,20,12,14,321,119071,
2020-08-07,60,91,77,50,33,19,13,8,351,119422,
2020-08-08,52,69,68,44,42,16,12,7,310,119732,
2020-08-09,41,93,65,40,25,22,13,3,302,120034,
2020-08-10,63,101,86,48,37,30,20,10,395,120429,
2020-08-11,61,114,72,35,45,35,23,7,392,120821,
2020-08-12,61,92,64,48,45,28,16,6,360,121181,
2020-08-13,84,95,59,46,33,14,12,7,350,121531,
2020-08-14,38,89,63,57,38,18,10,10,323,121854,
2020-08-15,57,78,65,49,34,25,20,6,334,122188,
2020-08-16,42,87,71,54,47,25,13,15,354,122542,
2020-08-17,70,146,84,73,48,31,17,7,476,123018,
2020-08-18,68,108,72,52,39,19,16,7,381,123399,
2020-08-19,84,91,67,50,41,22,27,14,396,123795,
2020-08-20,75,85,78,52,50,21,25,10,396,124191,
2020-08-21,60,91,77,60,28,41,16,9,382,124573,
2020-08-22,65,103,58,63,41,30,9,11,380,124953,
2020-08-23,58,84,68,65,42,28,10,16,371,125324,
2020-08-24,105,124,84,68,67,40,23,13,524,125848,
2020-08-25,93,140,100,77,55,45,24,16,550,126398,
2020-08-26,97,123,92,88,58,37,16,12,523,126921,
2020-08-27,58,88,82,82,55,23,22,16,426,127347,
2020-08-28,106,115,74,81,44,49,29,13,511,127858,
2020-08-29,60,92,79,52,58,36,15,9,401,128259,
2020-08-30,77,115,111,61,52,41,29,4,490,128749,
2020-08-31,111,146,95,81,74,39,19,14,579,129328,
2020-09-01,122,175,123,88,71,44,25,21,669,129997,
2020-09-02,102,168,131,81,75,44,22,17,640,130637,
2020-09-03,117,152,98,80,54,35,23,11,570,131207,
2020-09-04,127,163,122,95,52,48,32,12,651,131858,
2020-09-05,124,152,98,75,54,36,26,19,584,132442,
2020-09-06,111,180,108,85,67,35,12,14,612,133054,
2020-09-07,123,226,118,111,79,48,17,13,735,133789,
2020-09-08,150,243,142,100,110,67,38,18,868,134657,
2020-09-09,160,248,148,131,82,60,22,14,865,135522,
2020-09-10,150,253,137,119,81,57,27,16,840,136362,
2020-09-11,149,227,154,112,91,59,29,21,842,137204,
2020-09-12,162,257,151,110,100,67,31,31,909,138113,
2020-09-13,147,239,151,111,92,62,20,17,839,138952,
2020-09-14,218,312,210,147,120,68,41,11,1127,140079,
2020-09-15,212,383,189,153,111,74,33,26,1181,141260,
2020-09-16,208,352,169,149,130,72,40,38,1158,142418,
2020-09-17,243,270,181,145,130,64,45,26,1104,143522,
2020-09-18,266,292,188,167,147,58,33,28,1179,144701,
2020-09-19,222,269,198,171,111,69,41,24,1105,145806,
2020-09-20,208,272,198,138,141,84,43,29,1113,146919,
2020-09-21,281,370,258,204,175,106,42,44,1480,148399,
2020-09-22,247,359,282,188,168,107,57,32,1440,149839,
2020-09-23,249,350,256,204,184,112,45,42,1442,151281,
2020-09-24,249,340,285,225,188,107,44,52,1490,152771,
2020-09-25,300,386,250,218,212,126,59,54,1605,154376,
2020-09-26,256,325,231,232,189,111,49,39,1432,155808,
2020-09-27,257,306,266,229,180,107,56,55,1456,157264,
2020-09-28,327,429,330,258,220,136,59,91,1850,159114,
2020-09-29,273,394,294,232,204,110,59,57,1623,160737,
2020-09-30,256,370,306,237,200,131,38,44,1582,162319,
2020-10-01,281,309,244,222,206,136,57,46,1501,163820,
2020-10-02,266,300,264,232,192,126,66,68,1514,165334,
2020-10-03,223,288,225,194,171,118,40,34,1293,166627,
2020-10-04,234,276,217,177,157,95,57,31,1244,167871,
2020-10-05,244,338,273,201,211,122,67,49,1505,169376,
2020-10-06,241,295,237,217,168,106,52,71,1387,170763,
2020-10-07,227,277,225,173,184,85,59,46,1276,172039,
2020-10-08,189,207,181,155,171,96,41,34,1074,173113,
2020-10-09,168,201,170,166,156,75,39,56,1031,174144,
2020-10-10,153,172,144,153,121,77,29,39,888,175032,
2020-10-11,128,154,115,121,89,64,29,21,721,175753,
2020-10-12,114,153,116,106,119,64,24,26,722,176475,
2020-10-13,124,167,118,112,103,61,25,40,750,177225,
2020-10-14,109,156,129,84,99,48,19,20,664,177889,
2020-10-15,99,138,107,98,96,44,25,29,636,178525,
2020-10-16,92,120,80,78,79,40,18,29,536,179061,
2020-10-17,73,117,78,40,79,39,19,22,467,179528,
2020-10-18,35,81,49,31,50,27,11,10,294,179822,
2020-10-19,14,18,17,15,14,4,4,1,87,179909,
2020-10-20,1,0,0,0,0,0,0,0,1,179910,
2020-10-21,0,0,0,0,0,0,0,0,0,179910,