date,0-19,20-29,30-39,40-49,50-59,60-69,70-79,80+,new,cumulative-n-age,shaded
2020-01-15,0,0,1,0,0,0,0,0,1,1,14
2020-01-16,1,0,0,0,1,0,0,0,2,3,
2020-01-17,0,0,0,0,0,0,0,0,0,3,
2020-01-18,0,0,0,0,0,0,0,0,0,3,
2020-01-19,0,0,0,0,0,0,0,0,0,3,
2020-01-20,0,0,0,0,0,0,0,0,0,3,
2020-01-21,0,0,0,0,1,0,0,0,1,4,
2020-01-22,0,0,0,1,1,0,0,0,2,6,
2020-01-23,0,0,0,0,0,0,0,0,0,6,
2020-01-24,0,2,0,0,0,0,0,0,2,8,
2020-01-25,0,0,0,0,0,0,0,0,0,8,
2020-01-26,0,1,0,0,0,0,0,0,1,9,
2020-01-27,0,0,1,0,1,0,0,0,2,11,
2020-01-28,0,1,0,1,0,0,0,0,2,13,
2020-01-29,0,0,0,0,0,0,0,0,0,13,
2020-01-30,0,0,0,0,0,0,0,0,0,13,
2020-01-31,0,0,1,0,0,0,0,0,1,14,
2020-02-01,0,0,0,0,1,1,0,0,2,16,
2020-02-02,0,1,1,0,0,0,0,0,2,18,
2020-02-03,0,0,0,0,1,0,0,0,1,19,
2020-02-04,0,0,0,0,0,0,0,2,2,21,
2020-02-05,0,2,0,0,0,0,0,0,2,23,
2020-02-06,0,0,0,0,0,0,0,0,0,23,
2020-02-07,1,0,0,0,0,0,0,0,1,24,
2020-02-08,0,0,0,0,0,0,0,0,0,24,
2020-02-09,0,0,1,0,0,0,0,0,1,25,
2020-02-10,0,0,0,0,0,2,0,0,2,27,
2020-02-11,0,0,0,0,0,0,0,1,1,28,
2020-02-12,0,0,0,0,1,0,0,0,1,29,
2020-02-13,0,0,0,1,0,0,0,0,1,30,
2020-02-14,0,0,2,0,0,1,1,0,4,34,
2020-02-15,1,0,0,1,0,0,0,0,2,36,
2020-02-16,0,0,0,0,0,1,0,0,1,37,
2020-02-17,0,1,0,0,0,1,0,0,2,39,
2020-02-18,0,0,0,1,0,0,0,1,2,41,
2020-02-19,0,1,0,2,0,0,0,0,3,44,
2020-02-20,0,0,2,0,1,1,2,1,7,51,
2020-02-21,0,0,0,1,0,1,0,0,2,53,
2020-02-22,0,0,0,1,1,0,3,0,5,58,
2020-02-23,2,3,1,2,3,4,1,0,16,74,
2020-02-24,1,0,3,1,5,1,3,0,14,88,
2020-02-25,1,1,1,1,3,7,1,0,15,103,
2020-02-26,2,1,1,3,1,4,0,0,12,115,
2020-02-27,1,3,5,2,7,4,1,2,25,140,
2020-02-28,0,1,4,3,5,8,2,12,35,175,
2020-02-29,0,3,3,5,5,7,1,3,27,202,
2020-03-01,1,2,9,7,8,9,7,6,49,251,
2020-03-02,4,3,12,7,9,5,5,2,47,298,
2020-03-03,0,4,7,4,11,17,6,4,53,351,
2020-03-04,3,5,4,8,12,11,6,2,51,402,
2020-03-05,1,6,12,9,12,13,6,4,63,465,
2020-03-06,4,8,15,11,13,15,8,9,83,548,
2020-03-07,6,11,9,16,24,13,5,5,89,637,
2020-03-08,4,14,19,28,34,20,8,4,131,768,
2020-03-09,8,30,38,39,53,33,18,5,224,992,
2020-03-10,13,23,46,38,56,50,22,12,260,1252,
2020-03-11,12,46,49,62,51,38,27,10,295,1547,
2020-03-12,11,53,75,77,76,44,38,14,388,1935,
2020-03-13,29,58,66,89,81,75,41,17,456,2391,
2020-03-14,23,51,61,77,104,82,50,18,466,2857,
2020-03-15,23,76,108,99,115,90,53,36,600,3457,
2020-03-16,38,123,141,154,158,132,58,27,831,4288,
2020-03-17,43,111,160,157,175,119,70,44,879,5167,
2020-03-18,48,151,146,168,173,133,85,45,949,6116,
2020-03-19,42,127,117,141,139,133,73,34,806,6922,
2020-03-20,53,153,162,157,189,177,69,61,1021,7943,
2020-03-21,53,132,151,136,151,132,79,49,883,8826,
2020-03-22,51,133,122,145,170,131,56,59,867,9693,
2020-03-23,57,161,173,163,193,146,82,89,1064,10757,
2020-03-24,61,153,133,152,167,133,83,71,953,11710,
2020-03-25,59,142,136,164,167,119,76,106,969,12679,
2020-03-26,55,111,117,145,184,127,73,98,910,13589,
2020-03-27,45,145,114,163,170,128,76,104,945,14534,
2020-03-28,49,119,137,163,163,115,85,118,949,15483,
2020-03-29,49,113,115,140,149,102,82,110,860,16343,
2020-03-30,58,129,147,212,186,124,91,187,1134,17477,
2020-03-31,43,124,122,167,142,114,91,162,965,18442,
2020-04-01,79,136,171,185,219,155,124,216,1285,19727,
2020-04-02,68,118,135,224,174,113,86,243,1161,20888,
2020-04-03,66,132,161,224,206,143,114,281,1327,22215,
2020-04-04,57,119,152,182,209,104,96,227,1146,23361,
2020-04-05,44,139,133,178,150,106,81,237,1068,24429,
2020-04-06,77,162,196,233,222,136,104,270,1400,25829,
2020-04-07,63,131,163,208,220,114,109,265,1273,27102,
2020-04-08,93,140,192,227,222,112,95,328,1409,28511,
2020-04-09,76,127,190,258,223,131,116,338,1459,29970,
2020-04-10,85,201,221,271,251,161,124,426,1740,31710,
2020-04-11,70,154,188,246,243,148,104,472,1625,33335,
2020-04-12,89,175,196,243,209,131,109,325,1477,34812,
2020-04-13,93,214,233,299,299,192,145,562,2037,36849,
2020-04-14,84,196,229,261,241,160,138,472,1781,38630,
2020-04-15,112,220,237,249,246,172,162,470,1868,40498,
2020-04-16,124,178,208,255,208,184,157,626,1940,42438,
2020-04-17,106,202,230,295,261,154,153,468,1869,44307,
2020-04-18,97,196,206,215,275,150,148,377,1664,45971,
2020-04-19,72,135,171,207,199,96,92,306,1278,47249,
2020-04-20,91,238,229,277,261,171,134,388,1789,49038,
2020-04-21,75,151,201,219,205,127,105,356,1439,50477,
2020-04-22,92,168,193,219,233,125,129,389,1548,52025,
2020-04-23,93,192,209,207,225,163,118,368,1575,53600,
2020-04-24,91,178,239,242,228,119,117,296,1510,55110,
2020-04-25,104,185,181,228,192,129,97,284,1400,56510,
2020-04-26,114,206,196,205,189,117,89,234,1350,57860,
2020-04-27,110,202,215,242,257,160,150,338,1674,59534,
2020-04-28,116,180,215,230,186,150,123,329,1529,61063,
2020-04-29,88,190,202,206,192,142,128,344,1492,62555,
2020-04-30,84,177,178,187,239,139,119,318,1441,63996,
2020-05-01,88,213,239,268,250,118,102,314,1592,65588,
2020-05-02,89,152,160,168,181,80,69,175,1074,66662,
2020-05-03,97,145,141,167,144,94,76,181,1045,67707,
2020-05-04,86,180,152,208,208,109,98,284,1325,69032,
2020-05-05,88,158,157,163,195,82,119,294,1256,70288,
2020-05-06,95,132,149,154,177,102,88,193,1090,71378,
2020-05-07,80,166,148,149,182,111,73,214,1123,72501,
2020-05-08,84,156,183,162,189,86,81,206,1147,73648,
2020-05-09,71,136,129,158,174,97,88,187,1040,74688,
2020-05-10,77,139,137,133,139,89,84,188,986,75674,
2020-05-11,98,184,177,162,187,104,84,228,1224,76898,
2020-05-12,99,174,129,138,161,102,91,204,1098,77996,
2020-05-13,78,144,160,137,172,107,73,216,1087,79083,
2020-05-14,111,154,154,153,146,120,81,255,1174,80257,
2020-05-15,93,181,178,182,174,136,85,251,1280,81537,
2020-05-16,86,146,135,156,181,98,61,121,984,82521,
2020-05-17,78,142,148,148,136,81,56,129,918,83439,
2020-05-18,110,165,157,155,143,85,84,179,1078,84517,
2020-05-19,89,153,131,147,147,72,56,148,943,85460,
2020-05-20,103,179,123,171,141,102,70,203,1092,86552,
2020-05-21,92,152,119,126,116,74,46,130,855,87407,
2020-05-22,87,136,130,138,131,68,59,100,849,88256,
2020-05-23,79,134,95,124,110,66,28,78,714,88970,
2020-05-24,70,98,83,107,106,66,36,80,646,89616,
2020-05-25,89,146,127,119,117,76,52,104,830,90446,
2020-05-26,73,115,119,114,89,74,52,90,726,91172,
2020-05-27,60,111,101,97,107,60,47,110,693,91865,
2020-05-28,57,98,86,83,90,49,39,85,587,92452,
2020-05-29,59,104,108,128,90,68,44,91,692,93144,
2020-05-30,57,114,105,94,69,44,26,39,548,93692,
2020-05-31,64,98,92,64,75,32,25,33,483,94175,
2020-06-01,60,119,107,78,84,44,37,82,611,94786,
2020-06-02,49,96,90,64,75,51,21,49,495,95281,
2020-06-03,83,105,88,71,48,45,19,50,509,95790,
2020-06-04,65,88,57,54,55,42,31,42,434,96224,
2020-06-05,55,98,51,78,61,36,26,25,430,96654,
2020-06-06,46,78,65,49,48,39,23,39,387,97041,
2020-06-07,50,70,60,43,39,24,19,20,325,97366,
2020-06-08,52,76,63,61,49,28,29,37,395,97761,
2020-06-09,46,83,65,42,41,37,26,19,359,98120,
2020-06-10,47,87,71,67,59,35,21,34,421,98541,
2020-06-11,50,67,54,52,55,29,26,30,363,98904,
2020-06-12,55,76,61,49,63,24,24,19,371,99275,
2020-06-13,37,67,50,32,31,17,12,28,274,99549,
2020-06-14,34,81,46,42,39,29,16,17,304,99853,
2020-06-15,57,82,56,55,56,37,19,26,388,100241,
2020-06-16,48,79,59,58,37,36,18,19,354,100595,
2020-06-17,43,85,55,43,44,34,16,26,346,100941,
2020-06-18,31,78,51,48,36,29,14,22,309,101250,
2020-06-19,44,74,58,41,52,26,14,19,328,101578,
2020-06-20,39,63,48,43,42,23,10,17,285,101863,
2020-06-21,30,61,60,35,30,23,15,21,275,102138,
2020-06-22,43,70,61,42,57,27,17,17,334,102472,
2020-06-23,46,67,58,51,46,20,15,14,317,102789,
2020-06-24,40,64,46,36,39,18,15,20,278,103067,
2020-06-25,39,120,69,61,37,23,18,21,388,103455,
2020-06-26,47,60,48,25,31,25,8,19,263,103718,
2020-06-27,42,57,53,29,39,21,13,15,269,103987,
2020-06-28,37,72,55,40,27,17,12,13,273,104260,
2020-06-29,56,58,61,42,38,29,12,21,317,104577,
2020-06-30,45,64,50,47,36,19,19,14,294,104871,
2020-07-01,45,50,39,51,37,27,7,19,275,105146,
2020-07-02,37,49,36,46,33,32,9,15,257,105403,
2020-07-03,40,75,45,29,44,27,11,15,286,105689,
2020-07-04,56,61,35,41,31,37,14,13,288,105977,
2020-07-05,60,62,41,31,34,24,12,9,273,106250,
2020-07-06,63,126,99,57,42,35,30,22,474,106724,
2020-07-07,69,113,69,53,44,36,12,24,420,107144,
2020-07-08,66,109,77,49,51,42,16,19,429,107573,
2020-07-09,64,96,71,59,55,25,11,17,398,107971,
2020-07-10,71,69,62,58,66,36,18,17,397,108368,
2020-07-11,52,122,64,34,32,33,15,17,369,108737,
2020-07-12,32,149,75,37,42,25,11,13,384,109121,
2020-07-13,72,180,111,65,73,49,21,27,598,109719,
2020-07-14,64,179,96,77,57,39,15,13,540,110259,
2020-07-15,57,173,100,83,65,35,13,21,547,110806,
2020-07-16,57,149,67,61,50,24,16,26,450,111256,
2020-07-17,68,128,97,59,62,36,13,18,481,111737,
2020-07-18,61,115,61,48,56,27,14,14,396,112133,
2020-07-19,61,104,46,55,46,33,18,16,379,112512,
2020-07-20,81,138,86,75,65,31,24,20,520,113032,
2020-07-21,89,151,78,59,41,31,12,22,483,113515,
2020-07-22,87,130,77,41,46,26,16,20,443,113958,
2020-07-23,86,94,62,48,47,32,19,14,402,114360,
2020-07-24,83,85,71,61,51,34,21,9,415,114775,
2020-07-25,51,76,57,39,39,24,13,5,304,115079,
2020-07-26,74,71,62,42,37,22,11,7,326,115405,
2020-07-27,78,141,81,47,47,30,17,18,459,115864,
2020-07-28,67,94,66,56,47,32,13,21,396,116260,
2020-07-29,75,95,79,55,37,15,12,9,377,116637,
2020-07-30,49,95,63,43,43,25,5,7,330,116967,
2020-07-31,55,69,61,49,33,22,16,11,316,117283,
2020-08-01,57,100,52,43,30,19,12,8,321,117604,
2020-08-02,60,88,59,37,35,26,9,9,323,117927,
2020-08-03,79,110,83,49,54,28,12,9,424,118351,
2020-08-04,64,109,72,56,60,25,13,11,410,118761,
2020-08-05,59,93,72,60,38,23,17,3,365,119126,
2020-08-06,49,91,68,50,41,23,12,15,349,119475,
2020-08-07,64,92,82,48,41,21,15,10,373,119848,
2020-08-08,52,74,69,48,37,17,15,7,319,120167,
2020-08-09,44,96,60,35,30,22,12,6,305,120472,
2020-08-10,68,104,95,52,38,31,21,17,426,120898,
2020-08-11,66,125,78,42,50,40,25,13,439,121337,
2020-08-12,60,86,63,52,46,26,18,7,358,121695,
2020-08-13,90,102,64,53,37,14,14,10,384,122079,
2020-08-14,43,94,66,55,43,24,12,10,347,122426,
2020-08-15,55,83,64,57,40,21,20,9,349,122775,
2020-08-16,47,93,71,50,49,30,12,15,367,123142,
2020-08-17,74,146,88,71,46,29,20,14,488,123630,
2020-08-18,79,107,73,55,37,17,18,10,396,124026,
2020-08-19,83,98,66,53,45,27,28,17,417,124443,
2020-08-20,78,89,83,54,51,22,27,10,414,124857,
2020-08-21,67,95,73,66,26,40,17,9,393,125250,
2020-08-22,73,101,58,65,41,32,10,13,393,125643,
2020-08-23,53,92,69,62,47,32,13,15,383,126026,
2020-08-24,111,119,85,70,67,43,25,14,534,126560,
2020-08-25,105,148,103,80,55,43,24,17,575,127135,
2020-08-26,92,124,98,88,62,40,18,12,534,127669,
2020-08-27,64,93,80,81,58,28,24,20,448,128117,
2020-08-28,119,114,81,82,47,51,29,12,535,128652,
2020-08-29,63,100,82,58,58,35,18,9,423,129075,
2020-08-30,83,121,115,60,61,42,27,6,515,129590,
2020-08-31,119,153,97,86,78,39,22,18,612,130202,
2020-09-01,134,179,132,94,79,46,28,24,716,130918,
2020-09-02,113,179,132,85,78,46,22,18,673,131591,
2020-09-03,125,152,104,86,61,38,28,14,608,132199,
2020-09-04,138,173,127,97,53,46,33,20,687,132886,
2020-09-05,131,155,103,85,56,40,33,41,644,133530,
2020-09-06,121,190,112,85,71,41,12,25,657,134187,
2020-09-07,130,229,124,115,80,52,21,19,770,134957,
2020-09-08,163,258,151,105,115,74,42,22,930,135887,
2020-09-09,188,259,155,138,89,62,25,26,942,136829,
2020-09-10,167,264,146,124,91,61,31,18,902,137731,
2020-09-11,164,243,161,113,97,62,35,24,899,138630,
2020-09-12,183,263,158,115,105,70,35,35,964,139594,
2020-09-13,166,262,165,119,99,72,24,33,940,140534,
2020-09-14,238,324,226,154,126,76,43,19,1206,141740,
2020-09-15,246,415,195,167,116,84,39,36,1298,143038,
2020-09-16,244,380,182,162,148,85,43,46,1290,144328,
2020-09-17,272,301,197,160,143,72,49,32,1226,145554,
2020-09-18,316,329,201,188,160,70,42,46,1352,146906,
2020-09-19,253,296,221,185,123,78,52,30,1238,148144,
2020-09-20,250,302,223,157,154,91,51,36,1264,149408,
2020-09-21,325,426,303,245,208,129,58,56,1750,151158,
2020-09-22,312,446,319,238,216,140,74,52,1797,152955,
2020-09-23,331,442,311,242,224,137,63,64,1814,154769,
2020-09-24,323,423,334,288,222,142,57,69,1858,156627,
2020-09-25,370,477,322,256,255,156,91,79,2006,158633,
2020-09-26,320,403,290,274,227,135,62,76,1787,160420,
2020-09-27,334,406,325,281,239,152,86,73,1896,162316,
2020-09-28,412,543,397,318,280,173,84,148,2355,164671,
2020-09-29,369,539,369,307,261,157,105,94,2201,166872,
2020-09-30,367,501,396,308,272,175,71,113,2203,169075,
2020-10-01,394,434,330,292,277,187,89,74,2077,171152,
2020-10-02,365,389,352,324,269,183,100,92,2074,173226,
2020-10-03,308,404,299,279,229,155,56,52,1782,175008,
2020-10-04,358,402,319,270,232,141,82,50,1854,176862,
2020-10-05,408,494,395,330,304,197,113,93,2334,179196,
2020-10-06,379,465,364,331,287,186,85,115,2212,181408,
2020-10-07,388,427,365,299,278,159,119,144,2179,183587,
2020-10-08,399,339,321,317,310,197,99,139,2121,185708,
2020-10-09,372,400,357,358,327,174,90,129,2207,187915,
2020-10-10,358,357,320,326,292,181,78,94,2006,189921,
2020-10-11,375,357,291,267,250,150,76,77,1843,191764,
2020-10-12,416,422,320,333,323,190,98,103,2205,193969,
2020-10-13,476,491,383,357,364,195,106,148,2520,196489,
2020-10-14,430,497,416,381,314,186,108,111,2443,198932,
2020-10-15,486,481,353,376,306,175,137,134,2448,201380,
2020-10-16,485,469,371,388,325,200,117,161,2516,203896,
2020-10-17,421,465,349,314,334,198,75,101,2257,206153,
2020-10-18,387,421,351,313,332,174,87,130,2195,208348,
2020-10-19,563,527,405,422,374,204,112,149,2756,211104,
2020-10-20,482,491,447,381,357,224,102,143,2627,213731,
2020-10-21,472,511,413,408,367,188,108,173,2640,216371,
2020-10-22,487,488,393,386,310,208,106,145,2523,218894,
2020-10-23,472,508,409,374,339,200,102,143,2547,221441,
2020-10-24,443,436,372,346,329,187,91,96,2300,223741,
2020-10-25,453,376,342,337,337,174,85,130,2234,225975,
2020-10-26,545,495,406,431,339,209,139,200,2764,228739,
2020-10-27,471,479,393,344,330,186,119,193,2515,231254,
2020-10-28,442,470,369,324,319,191,111,236,2462,233716,
2020-10-29,372,361,292,281,279,142,90,135,1952,235668,
2020-10-30,365,326,253,251,273,133,90,119,1810,237478,
2020-10-31,258,264,219,206,184,100,60,72,1363,238841,
2020-11-01,140,193,141,129,109,63,38,40,853,239694,
2020-11-02,194,233,168,168,136,104,50,111,1164,240858,
2020-11-03,149,212,163,139,143,86,41,73,1006,241864,
2020-11-04,163,184,119,112,131,65,51,54,879,242743,
2020-11-05,103,142,120,118,90,51,32,45,701,243444,
2020-11-06,114,146,116,86,95,78,32,50,717,244161,
2020-11-07,30,20,25,25,21,10,8,8,147,244308,
2020-11-08,0,0,0,0,0,0,0,0,0,244308,
2020-11-09,0,0,0,0,0,0,0,0,0,244308,