date,0-19,20-29,30-39,40-49,50-59,60-69,70-79,80+,new,cumulative-n-age,shaded
2020-01-15,0,0,1,0,0,0,0,0,1,1,14
2020-01-16,0,0,1,0,1,0,0,0,2,3,
2020-01-17,0,0,0,0,0,0,0,0,0,3,
2020-01-18,0,0,0,0,0,0,0,0,0,3,
2020-01-19,0,0,0,0,0,0,0,0,0,3,
2020-01-20,0,0,0,0,0,0,0,0,0,3,
2020-01-21,0,0,0,0,1,0,0,0,1,4,
2020-01-22,0,0,0,1,1,0,0,0,2,6,
2020-01-23,0,0,0,0,0,0,0,0,0,6,
2020-01-24,0,2,0,0,0,0,0,0,2,8,
2020-01-25,0,0,0,0,0,0,0,0,0,8,
2020-01-26,0,1,0,0,0,0,0,0,1,9,
2020-01-27,0,0,0,0,1,0,0,0,1,10,
2020-01-28,0,1,0,1,0,0,0,0,2,12,
2020-01-29,0,0,0,0,0,0,0,0,0,12,
2020-01-30,0,0,0,0,0,0,0,0,0,12,
2020-01-31,0,0,2,0,0,0,0,0,2,14,
2020-02-01,0,0,0,0,1,2,0,0,3,17,
2020-02-02,0,1,1,0,0,0,0,0,2,19,
2020-02-03,0,0,0,0,1,0,0,0,1,20,
2020-02-04,0,0,0,0,0,0,0,2,2,22,
2020-02-05,0,2,0,0,0,0,0,0,2,24,
2020-02-06,0,0,0,0,0,0,0,0,0,24,
2020-02-07,1,0,0,0,0,0,0,0,1,25,
2020-02-08,0,0,0,0,0,0,0,0,0,25,
2020-02-09,0,0,2,0,0,0,0,0,2,27,
2020-02-10,0,0,0,0,0,2,0,0,2,29,
2020-02-11,0,0,0,0,0,0,0,1,1,30,
2020-02-12,0,0,0,0,1,0,0,0,1,31,
2020-02-13,0,0,0,1,0,0,0,0,1,32,
2020-02-14,0,0,2,0,0,1,1,0,4,36,
2020-02-15,1,0,0,1,0,0,0,0,2,38,
2020-02-16,0,0,0,0,0,1,0,0,1,39,
2020-02-17,0,1,0,0,0,1,0,0,2,41,
2020-02-18,0,0,0,1,0,0,0,1,2,43,
2020-02-19,0,1,0,2,0,0,0,0,3,46,
2020-02-20,0,0,2,0,1,1,2,1,7,53,
2020-02-21,0,0,0,1,0,1,0,0,2,55,
2020-02-22,0,0,0,1,1,0,3,0,5,60,
2020-02-23,2,3,1,2,3,4,1,0,16,76,
2020-02-24,1,0,3,1,5,1,3,0,14,90,
2020-02-25,1,1,1,1,3,7,1,0,15,105,
2020-02-26,2,1,1,3,1,4,0,0,12,117,
2020-02-27,1,3,5,2,7,4,1,2,25,142,
2020-02-28,0,1,4,3,5,8,2,12,35,177,
2020-02-29,0,3,3,5,5,7,1,3,27,204,
2020-03-01,1,2,10,7,9,9,7,6,51,255,
2020-03-02,4,3,12,7,9,5,5,2,47,302,
2020-03-03,0,4,7,4,11,17,6,4,53,355,
2020-03-04,3,6,4,8,12,11,6,2,52,407,
2020-03-05,1,6,12,9,12,13,6,4,63,470,
2020-03-06,4,8,15,11,13,15,8,9,83,553,
2020-03-07,6,11,9,16,24,13,5,5,89,642,
2020-03-08,4,14,19,28,34,20,8,4,131,773,
2020-03-09,8,30,38,39,53,33,18,5,224,997,
2020-03-10,13,23,46,38,56,50,22,12,260,1257,
2020-03-11,12,46,49,62,51,38,27,11,296,1553,
2020-03-12,11,53,76,77,76,44,38,15,390,1943,
2020-03-13,29,58,66,89,81,75,41,17,456,2399,
2020-03-14,23,51,61,77,103,82,50,18,465,2864,
2020-03-15,23,75,108,99,115,90,53,36,599,3463,
2020-03-16,38,123,140,154,158,132,58,27,830,4293,
2020-03-17,43,111,160,157,175,119,70,44,879,5172,
2020-03-18,48,150,146,168,173,133,85,45,948,6120,
2020-03-19,42,127,116,141,139,133,73,35,806,6926,
2020-03-20,53,153,162,157,189,177,69,61,1021,7947,
2020-03-21,53,131,151,136,151,132,79,49,882,8829,
2020-03-22,51,133,122,145,170,131,56,59,867,9696,
2020-03-23,57,161,173,163,193,146,82,89,1064,10760,
2020-03-24,61,153,133,152,167,133,83,72,954,11714,
2020-03-25,59,142,136,164,167,119,76,105,968,12682,
2020-03-26,55,111,118,145,184,127,73,98,911,13593,
2020-03-27,45,145,114,163,170,128,76,104,945,14538,
2020-03-28,49,119,137,163,163,115,85,118,949,15487,
2020-03-29,49,113,115,140,148,102,82,111,860,16347,
2020-03-30,58,129,147,211,186,124,91,186,1132,17479,
2020-03-31,43,124,122,167,141,114,91,162,964,18443,
2020-04-01,79,136,171,185,219,155,124,216,1285,19728,
2020-04-02,68,118,135,225,174,113,86,243,1162,20890,
2020-04-03,66,132,161,224,206,143,114,281,1327,22217,
2020-04-04,57,119,152,182,209,104,96,228,1147,23364,
2020-04-05,44,139,133,178,150,106,81,237,1068,24432,
2020-04-06,77,162,196,233,222,136,104,269,1399,25831,
2020-04-07,63,131,163,208,221,114,109,265,1274,27105,
2020-04-08,93,140,192,226,222,112,95,330,1410,28515,
2020-04-09,76,127,190,258,223,131,116,338,1459,29974,
2020-04-10,85,202,221,272,251,161,124,426,1742,31716,
2020-04-11,70,154,186,246,244,148,104,474,1626,33342,
2020-04-12,89,174,196,243,209,131,109,323,1474,34816,
2020-04-13,93,214,233,299,298,192,146,563,2038,36854,
2020-04-14,84,196,229,261,241,160,138,472,1781,38635,
2020-04-15,111,220,237,249,246,173,162,470,1868,40503,
2020-04-16,123,177,208,255,208,184,157,626,1938,42441,
2020-04-17,106,202,230,295,260,154,153,468,1868,44309,
2020-04-18,97,196,205,215,273,150,148,378,1662,45971,
2020-04-19,72,135,171,207,199,96,92,306,1278,47249,
2020-04-20,91,238,230,277,261,175,134,387,1793,49042,
2020-04-21,75,150,200,219,207,125,107,356,1439,50481,
2020-04-22,92,168,194,220,233,124,127,386,1544,52025,
2020-04-23,93,192,209,208,225,164,119,371,1581,53606,
2020-04-24,91,178,238,242,228,119,118,294,1508,55114,
2020-04-25,104,185,181,228,192,129,98,286,1403,56517,
2020-04-26,114,206,196,205,189,118,90,236,1354,57871,
2020-04-27,110,202,215,242,257,160,150,341,1677,59548,
2020-04-28,116,179,215,230,187,149,121,327,1524,61072,
2020-04-29,88,190,202,206,191,141,128,345,1491,62563,
2020-04-30,84,177,178,187,239,139,123,319,1446,64009,
2020-05-01,88,213,240,267,250,117,102,316,1593,65602,
2020-05-02,89,153,160,168,181,80,68,173,1072,66674,
2020-05-03,97,145,141,167,144,95,76,182,1047,67721,
2020-05-04,86,180,153,208,208,109,98,283,1325,69046,
2020-05-05,88,158,156,163,195,84,119,294,1257,70303,
2020-05-06,95,132,149,154,177,103,88,195,1093,71396,
2020-05-07,80,166,148,149,182,111,73,214,1123,72519,
2020-05-08,84,156,183,163,189,86,78,206,1145,73664,
2020-05-09,71,136,129,158,174,97,88,186,1039,74703,
2020-05-10,77,139,137,133,139,89,83,188,985,75688,
2020-05-11,98,184,177,161,187,103,84,225,1219,76907,
2020-05-12,99,174,129,138,161,102,90,205,1098,78005,
2020-05-13,78,144,160,137,172,107,73,218,1089,79094,
2020-05-14,111,154,155,153,146,120,81,254,1174,80268,
2020-05-15,93,181,178,182,173,136,85,249,1277,81545,
2020-05-16,86,146,135,156,182,98,61,121,985,82530,
2020-05-17,78,142,148,148,136,80,56,129,917,83447,
2020-05-18,110,165,157,154,143,85,84,179,1077,84524,
2020-05-19,89,153,131,147,147,72,56,149,944,85468,
2020-05-20,103,179,123,171,141,102,70,205,1094,86562,
2020-05-21,93,151,119,127,116,74,46,130,856,87418,
2020-05-22,87,136,130,139,131,68,59,100,850,88268,
2020-05-23,79,134,95,124,110,66,28,78,714,88982,
2020-05-24,70,98,83,106,106,66,36,80,645,89627,
2020-05-25,89,146,126,119,117,76,52,104,829,90456,
2020-05-26,73,115,119,114,89,74,51,90,725,91181,
2020-05-27,60,111,101,97,106,60,47,110,692,91873,
2020-05-28,54,98,86,83,90,49,39,86,585,92458,
2020-05-29,58,103,108,128,90,68,44,91,690,93148,
2020-05-30,57,113,105,94,70,44,26,39,548,93696,
2020-05-31,64,98,92,64,75,32,25,33,483,94179,
2020-06-01,60,119,107,78,85,44,38,82,613,94792,
2020-06-02,49,96,90,64,75,51,21,49,495,95287,
2020-06-03,83,105,88,71,48,45,19,50,509,95796,
2020-06-04,65,88,57,54,55,42,31,42,434,96230,
2020-06-05,55,98,51,78,61,36,26,25,430,96660,
2020-06-06,46,78,65,49,48,39,24,39,388,97048,
2020-06-07,51,70,60,43,40,24,19,20,327,97375,
2020-06-08,52,75,63,60,49,28,29,37,393,97768,
2020-06-09,46,84,66,42,41,37,26,19,361,98129,
2020-06-10,47,87,71,67,59,35,21,34,421,98550,
2020-06-11,50,67,54,52,55,29,26,30,363,98913,
2020-06-12,55,76,61,49,63,24,24,19,371,99284,
2020-06-13,37,67,50,32,31,17,12,28,274,99558,
2020-06-14,34,81,46,42,39,30,16,17,305,99863,
2020-06-15,57,82,56,55,56,37,19,27,389,100252,
2020-06-16,48,80,59,58,36,36,18,20,355,100607,
2020-06-17,43,85,55,43,44,34,16,26,346,100953,
2020-06-18,31,78,51,48,36,29,14,22,309,101262,
2020-06-19,44,74,58,41,52,26,14,19,328,101590,
2020-06-20,39,63,48,43,42,23,10,17,285,101875,
2020-06-21,30,61,60,35,30,23,15,21,275,102150,
2020-06-22,43,70,61,42,57,27,17,17,334,102484,
2020-06-23,46,67,58,51,46,20,15,14,317,102801,
2020-06-24,40,64,46,36,39,18,15,20,278,103079,
2020-06-25,39,120,70,61,37,23,18,21,389,103468,
2020-06-26,47,60,48,25,31,25,8,20,264,103732,
2020-06-27,42,57,53,29,39,21,13,15,269,104001,
2020-06-28,37,72,55,41,27,17,12,13,274,104275,
2020-06-29,56,57,61,42,38,29,12,21,316,104591,
2020-06-30,45,64,50,47,36,19,19,14,294,104885,
2020-07-01,45,50,39,51,37,27,7,19,275,105160,
2020-07-02,37,49,36,46,33,32,9,15,257,105417,
2020-07-03,40,75,45,28,43,27,11,14,283,105700,
2020-07-04,56,61,35,41,31,37,14,13,288,105988,
2020-07-05,60,62,41,31,34,24,12,9,273,106261,
2020-07-06,63,126,99,57,42,35,30,22,474,106735,
2020-07-07,69,113,69,53,44,36,12,24,420,107155,
2020-07-08,67,109,77,49,51,42,16,19,430,107585,
2020-07-09,64,96,71,60,57,25,11,17,401,107986,
2020-07-10,71,68,62,60,67,36,18,17,399,108385,
2020-07-11,51,122,64,34,32,33,15,17,368,108753,
2020-07-12,32,149,75,37,42,25,11,13,384,109137,
2020-07-13,72,181,111,65,74,49,21,27,600,109737,
2020-07-14,64,179,96,77,57,39,15,13,540,110277,
2020-07-15,57,173,100,83,66,35,13,21,548,110825,
2020-07-16,57,150,66,61,50,24,16,26,450,111275,
2020-07-17,68,128,97,59,62,37,13,18,482,111757,
2020-07-18,61,115,62,48,56,27,14,14,397,112154,
2020-07-19,61,104,46,55,47,33,18,17,381,112535,
2020-07-20,81,138,86,75,65,31,24,20,520,113055,
2020-07-21,89,151,79,59,41,31,13,22,485,113540,
2020-07-22,87,130,77,41,46,26,16,20,443,113983,
2020-07-23,86,94,62,48,48,32,19,14,403,114386,
2020-07-24,83,85,71,60,51,34,21,9,414,114800,
2020-07-25,51,76,57,39,39,24,13,6,305,115105,
2020-07-26,74,71,62,42,37,22,11,7,326,115431,
2020-07-27,79,142,81,47,47,30,17,18,461,115892,
2020-07-28,67,93,66,56,47,32,13,21,395,116287,
2020-07-29,75,96,79,55,37,15,12,9,378,116665,
2020-07-30,49,95,63,43,43,25,5,8,331,116996,
2020-07-31,55,69,61,48,33,22,16,11,315,117311,
2020-08-01,57,100,52,43,30,19,12,8,321,117632,
2020-08-02,60,88,59,37,35,26,9,9,323,117955,
2020-08-03,79,110,82,49,54,28,12,9,423,118378,
2020-08-04,64,109,72,56,61,25,13,11,411,118789,
2020-08-05,59,93,72,60,39,23,17,3,366,119155,
2020-08-06,49,91,67,50,42,23,12,15,349,119504,
2020-08-07,64,93,82,48,41,21,15,10,374,119878,
2020-08-08,52,74,69,48,38,17,15,7,320,120198,
2020-08-09,44,96,60,35,30,22,12,6,305,120503,
2020-08-10,68,104,95,52,37,31,21,17,425,120928,
2020-08-11,66,125,78,42,50,40,26,14,441,121369,
2020-08-12,60,86,63,50,46,26,18,7,356,121725,
2020-08-13,90,101,64,53,37,14,14,10,383,122108,
2020-08-14,43,93,66,55,43,24,12,10,346,122454,
2020-08-15,55,83,64,57,40,21,20,9,349,122803,
2020-08-16,47,93,71,50,49,30,12,16,368,123171,
2020-08-17,74,146,88,71,46,29,20,13,487,123658,
2020-08-18,79,107,73,55,37,17,18,10,396,124054,
2020-08-19,83,98,66,53,46,27,28,17,418,124472,
2020-08-20,78,89,82,54,50,22,27,10,412,124884,
2020-08-21,68,95,73,66,25,40,17,9,393,125277,
2020-08-22,72,102,58,65,41,32,10,13,393,125670,
2020-08-23,53,92,69,62,47,32,13,15,383,126053,
2020-08-24,111,120,85,70,67,43,25,14,535,126588,
2020-08-25,105,149,102,80,55,44,24,17,576,127164,
2020-08-26,92,124,98,90,61,40,18,12,535,127699,
2020-08-27,65,92,81,81,58,29,24,20,450,128149,
2020-08-28,119,114,80,82,47,51,29,12,534,128683,
2020-08-29,63,100,83,57,59,35,18,9,424,129107,
2020-08-30,83,122,115,61,61,42,27,6,517,129624,
2020-08-31,119,152,97,86,77,38,22,18,609,130233,
2020-09-01,133,179,132,93,78,47,29,24,715,130948,
2020-09-02,113,179,132,87,79,46,22,18,676,131624,
2020-09-03,126,152,104,86,61,39,28,14,610,132234,
2020-09-04,138,172,127,96,54,46,33,20,686,132920,
2020-09-05,131,156,103,85,55,40,33,41,644,133564,
2020-09-06,121,190,111,85,71,40,12,25,655,134219,
2020-09-07,130,228,124,116,80,52,21,19,770,134989,
2020-09-08,162,258,151,105,116,74,42,23,931,135920,
2020-09-09,189,258,155,139,89,64,27,25,946,136866,
2020-09-10,168,264,145,124,93,61,30,18,903,137769,
2020-09-11,163,243,161,114,96,62,36,33,908,138677,
2020-09-12,181,263,158,115,106,70,35,35,963,139640,
2020-09-13,167,263,165,119,99,74,24,33,944,140584,
2020-09-14,242,328,229,156,127,76,44,20,1222,141806,
2020-09-15,247,416,195,168,117,84,39,38,1304,143110,
2020-09-16,253,379,183,161,149,88,45,46,1304,144414,
2020-09-17,276,303,197,161,146,72,48,32,1235,145649,
2020-09-18,324,331,203,189,159,69,41,47,1363,147012,
2020-09-19,254,298,222,185,123,78,52,33,1245,148257,
2020-09-20,251,307,225,157,156,92,53,37,1278,149535,
2020-09-21,330,429,302,247,209,131,60,58,1766,151301,
2020-09-22,312,453,321,241,218,140,76,53,1814,153115,
2020-09-23,333,442,311,241,220,139,64,68,1818,154933,
2020-09-24,329,424,338,290,225,144,56,68,1874,156807,
2020-09-25,373,480,324,261,256,159,92,83,2028,158835,
2020-09-26,320,402,293,276,227,138,63,77,1796,160631,
2020-09-27,342,412,326,279,243,153,88,76,1919,162550,
2020-09-28,422,545,399,323,284,172,87,146,2378,164928,
2020-09-29,374,545,374,316,269,162,104,96,2240,167168,
2020-09-30,369,503,399,313,272,178,74,118,2226,169394,
2020-10-01,404,443,331,296,279,187,92,76,2108,171502,
2020-10-02,373,397,353,326,272,192,100,93,2106,173608,
2020-10-03,315,412,301,285,235,156,59,52,1815,175423,
2020-10-04,361,403,324,272,235,145,85,53,1878,177301,
2020-10-05,415,493,397,336,306,198,119,98,2362,179663,
2020-10-06,378,466,367,333,292,188,84,111,2219,181882,
2020-10-07,400,433,371,305,283,163,126,152,2233,184115,
2020-10-08,408,340,326,322,321,201,102,141,2161,186276,
2020-10-09,376,406,362,359,328,181,95,133,2240,188516,
2020-10-10,368,360,325,328,300,184,78,94,2037,190553,
2020-10-11,386,365,298,273,256,152,85,93,1908,192461,
2020-10-12,437,432,328,336,325,195,98,111,2262,194723,
2020-10-13,489,500,388,361,366,199,108,152,2563,197286,
2020-10-14,437,499,414,382,320,189,111,114,2466,199752,
2020-10-15,501,495,361,388,309,178,139,137,2508,202260,
2020-10-16,491,481,375,392,332,203,118,158,2550,204810,
2020-10-17,425,474,360,329,346,200,81,105,2320,207130,
2020-10-18,397,429,357,316,340,180,91,131,2241,209371,
2020-10-19,587,542,419,435,394,209,120,154,2860,212231,
2020-10-20,506,500,464,395,370,238,109,152,2734,214965,
2020-10-21,493,527,438,428,377,205,114,181,2763,217728,
2020-10-22,528,523,420,413,333,222,112,154,2705,220433,
2020-10-23,528,541,436,405,355,226,116,162,2769,223202,
2020-10-24,465,468,420,382,370,222,108,127,2562,225764,
2020-10-25,519,420,397,399,386,199,118,148,2586,228350,
2020-10-26,631,598,488,491,401,265,163,224,3261,231611,
2020-10-27,601,605,510,452,428,239,154,239,3228,234839,
2020-10-28,608,644,516,486,463,268,170,263,3418,238257,
2020-10-29,534,551,476,426,410,248,147,176,2968,241225,
2020-10-30,613,573,496,476,495,259,148,159,3219,244444,
2020-10-31,588,580,548,473,425,222,127,139,3102,247546,
2020-11-01,574,592,502,466,357,264,134,132,3021,250567,
2020-11-02,853,843,676,604,514,348,212,282,4332,254899,
2020-11-03,757,855,652,654,493,333,170,220,4134,259033,
2020-11-04,854,781,666,581,529,345,204,217,4177,263210,
2020-11-05,753,741,602,590,485,331,188,259,3949,267159,
2020-11-06,724,766,627,588,548,372,197,290,4112,271271,
2020-11-07,627,652,570,565,491,288,170,242,3605,274876,
2020-11-08,628,634,496,464,378,251,140,154,3145,278021,
2020-11-09,719,745,609,584,512,334,176,271,3950,281971,
2020-11-10,714,794,584,548,473,296,158,211,3778,285749,
2020-11-11,650,699,543,494,442,290,169,223,3510,289259,
2020-11-12,602,590,537,455,401,265,179,208,3237,292496,
2020-11-13,490,537,496,432,418,262,124,198,2957,295453,
2020-11-14,349,449,355,336,359,219,85,123,2275,297728,
2020-11-15,288,346,268,232,248,140,81,107,1710,299438,
2020-11-16,319,339,262,258,222,139,81,124,1744,301182,
2020-11-17,277,281,267,205,183,118,74,96,1501,302683,
2020-11-18,232,267,185,172,172,102,61,101,1292,303975,
2020-11-19,224,208,167,178,131,125,60,85,1178,305153,
2020-11-20,123,149,145,93,117,75,39,62,803,305956,
2020-11-21,32,63,51,47,41,29,18,23,304,306260,
2020-11-22,0,3,4,2,0,3,2,3,17,306277,
2020-11-23,1,0,0,0,0,0,0,0,1,306278,