date,0-19,20-29,30-39,40-49,50-59,60-69,70-79,80+,new,cumulative-n-age,shaded
2020-01-15,0,0,1,0,0,0,0,0,1,1,14
2020-01-16,0,0,0,0,1,0,0,0,1,2,
2020-01-17,0,0,0,0,0,0,0,0,0,2,
2020-01-18,0,0,0,0,0,0,0,0,0,2,
2020-01-19,0,0,0,0,0,0,0,0,0,2,
2020-01-20,0,0,0,0,0,0,0,0,0,2,
2020-01-21,0,0,0,0,1,0,0,0,1,3,
2020-01-22,0,0,0,1,1,0,0,0,2,5,
2020-01-23,0,0,0,0,0,0,0,0,0,5,
2020-01-24,0,2,0,0,0,0,0,0,2,7,
2020-01-25,0,0,0,0,0,0,0,0,0,7,
2020-01-26,0,0,0,0,0,0,0,0,0,7,
2020-01-27,0,0,0,0,1,0,0,0,1,8,
2020-01-28,0,1,0,0,0,0,0,0,1,9,
2020-01-29,0,0,0,0,0,0,0,0,0,9,
2020-01-30,0,0,0,0,0,0,0,0,0,9,
2020-01-31,0,0,1,0,0,0,0,0,1,10,
2020-02-01,0,0,0,0,1,1,0,0,2,12,
2020-02-02,0,0,1,0,0,0,0,0,1,13,
2020-02-03,0,0,0,0,1,0,0,0,1,14,
2020-02-04,0,0,0,0,0,0,0,2,2,16,
2020-02-05,0,2,0,0,0,0,0,0,2,18,
2020-02-06,0,0,0,0,0,0,0,0,0,18,
2020-02-07,1,0,0,0,0,0,0,0,1,19,
2020-02-08,0,0,0,0,0,0,0,0,0,19,
2020-02-09,0,0,1,0,0,0,0,0,1,20,
2020-02-10,0,0,0,0,0,2,0,0,2,22,
2020-02-11,0,0,0,0,0,0,0,0,0,22,
2020-02-12,0,0,0,0,1,0,0,0,1,23,
2020-02-13,0,0,0,1,0,0,0,0,1,24,
2020-02-14,0,0,2,0,0,1,1,0,4,28,
2020-02-15,1,0,0,1,0,0,0,0,2,30,
2020-02-16,0,0,0,0,0,1,0,0,1,31,
2020-02-17,0,1,0,0,0,1,0,0,2,33,
2020-02-18,0,0,0,1,0,0,0,1,2,35,
2020-02-19,0,1,0,2,0,0,0,0,3,38,
2020-02-20,0,0,2,0,1,1,2,1,7,45,
2020-02-21,0,0,0,1,0,1,0,0,2,47,
2020-02-22,0,0,0,1,1,0,3,0,5,52,
2020-02-23,2,3,1,2,3,4,1,0,16,68,
2020-02-24,1,0,3,1,5,1,3,0,14,82,
2020-02-25,1,1,1,1,3,7,1,0,15,97,
2020-02-26,2,1,1,3,1,4,0,0,12,109,
2020-02-27,1,3,5,2,7,4,1,2,25,134,
2020-02-28,0,1,4,3,5,8,2,12,35,169,
2020-02-29,0,3,3,5,5,7,1,3,27,196,
2020-03-01,0,2,9,7,8,9,7,6,48,244,
2020-03-02,4,3,12,7,9,6,5,2,48,292,
2020-03-03,0,4,7,4,11,17,6,4,53,345,
2020-03-04,3,5,4,8,12,11,6,2,51,396,
2020-03-05,1,6,12,9,12,13,6,4,63,459,
2020-03-06,4,8,15,11,13,15,8,9,83,542,
2020-03-07,6,11,9,16,24,13,5,5,89,631,
2020-03-08,4,14,19,28,34,20,8,4,131,762,
2020-03-09,8,30,38,39,53,33,18,5,224,986,
2020-03-10,12,23,45,37,56,50,22,12,257,1243,
2020-03-11,12,46,50,63,51,38,27,10,297,1540,
2020-03-12,12,52,75,75,74,44,37,14,383,1923,
2020-03-13,28,57,65,90,83,74,42,17,456,2379,
2020-03-14,23,51,60,76,102,79,49,18,458,2837,
2020-03-15,23,74,107,99,115,92,54,35,599,3436,
2020-03-16,38,127,141,154,158,133,58,28,837,4273,
2020-03-17,39,104,160,158,173,116,70,44,864,5137,
2020-03-18,51,156,147,165,174,133,85,45,956,6093,
2020-03-19,43,127,117,145,139,133,71,34,809,6902,
2020-03-20,53,149,163,156,188,174,72,62,1017,7919,
2020-03-21,53,135,150,136,154,136,78,49,891,8810,
2020-03-22,51,134,122,146,166,130,56,59,864,9674,
2020-03-23,56,161,171,164,193,146,84,88,1063,10737,
2020-03-24,61,152,134,151,169,135,83,72,957,11694,
2020-03-25,60,141,137,163,170,117,77,107,972,12666,
2020-03-26,54,114,118,146,180,126,71,97,906,13572,
2020-03-27,45,144,112,163,173,132,76,104,949,14521,
2020-03-28,50,119,139,162,163,115,88,119,955,15476,
2020-03-29,49,113,117,141,149,102,82,110,863,16339,
2020-03-30,58,132,146,212,186,125,89,187,1135,17474,
2020-03-31,43,122,121,166,141,114,91,160,958,18432,
2020-04-01,79,138,175,185,221,155,125,218,1296,19728,
2020-04-02,68,116,133,224,172,112,86,245,1156,20884,
2020-04-03,66,133,161,224,208,143,115,281,1331,22215,
2020-04-04,57,118,152,183,210,105,97,228,1150,23365,
2020-04-05,42,139,132,178,150,106,81,237,1065,24430,
2020-04-06,79,162,197,234,222,137,102,272,1405,25835,
2020-04-07,63,132,164,208,220,114,110,264,1275,27110,
2020-04-08,93,138,190,227,223,112,95,328,1406,28516,
2020-04-09,77,129,191,259,223,132,115,339,1465,29981,
2020-04-10,85,199,219,271,250,160,125,428,1737,31718,
2020-04-11,71,154,186,246,244,148,104,473,1626,33344,
2020-04-12,88,173,196,244,208,132,109,327,1477,34821,
2020-04-13,94,215,230,298,301,190,144,561,2033,36854,
2020-04-14,84,197,229,265,235,160,137,474,1781,38635,
2020-04-15,111,218,236,247,251,174,165,468,1870,40505,
2020-04-16,125,180,213,251,207,182,155,626,1939,42444,
2020-04-17,106,204,227,294,260,155,154,471,1871,44315,
2020-04-18,97,196,207,218,277,150,147,375,1667,45982,
2020-04-19,71,134,166,205,197,93,93,308,1267,47249,
2020-04-20,92,235,234,278,263,177,139,391,1809,49058,
2020-04-21,73,155,200,219,203,126,105,354,1435,50493,
2020-04-22,93,168,195,220,233,124,126,388,1547,52040,
2020-04-23,93,189,210,208,225,162,117,368,1572,53612,
2020-04-24,92,179,238,239,226,120,118,297,1509,55121,
2020-04-25,104,188,183,228,194,128,97,285,1407,56528,
2020-04-26,115,204,197,205,188,113,88,233,1343,57871,
2020-04-27,109,200,216,244,255,162,149,338,1673,59544,
2020-04-28,115,181,212,226,181,149,123,328,1515,61059,
2020-04-29,88,188,202,206,195,143,127,341,1490,62549,
2020-04-30,84,185,180,187,239,138,116,320,1449,63998,
2020-05-01,90,208,237,269,252,118,104,310,1588,65586,
2020-05-02,87,152,163,173,182,80,71,177,1085,66671,
2020-05-03,100,145,142,165,141,93,74,180,1040,67711,
2020-05-04,85,177,151,207,207,106,99,286,1318,69029,
2020-05-05,88,160,156,164,193,85,118,294,1258,70287,
2020-05-06,97,133,148,156,183,101,87,189,1094,71381,
2020-05-07,80,165,152,147,183,110,72,212,1121,72502,
2020-05-08,85,157,184,167,189,89,81,210,1162,73664,
2020-05-09,70,132,129,157,177,97,87,186,1035,74699,
2020-05-10,76,141,138,131,136,90,85,181,978,75677,
2020-05-11,102,184,177,163,187,105,82,231,1231,76908,
2020-05-12,99,174,129,139,160,99,91,195,1086,77994,
2020-05-13,78,140,160,137,173,108,77,221,1094,79088,
2020-05-14,111,153,147,151,146,117,78,253,1156,80244,
2020-05-15,96,184,184,184,171,134,82,237,1272,81516,
2020-05-16,83,144,137,151,182,102,63,134,996,82512,
2020-05-17,81,145,144,151,132,79,59,128,919,83431,
2020-05-18,109,163,160,154,144,86,80,182,1078,84509,
2020-05-19,87,150,125,142,147,75,62,153,941,85450,
2020-05-20,108,180,127,167,144,98,69,202,1095,86545,
2020-05-21,89,159,116,137,115,75,47,132,870,87415,
2020-05-22,87,135,131,135,130,71,57,98,844,88259,
2020-05-23,83,130,90,119,111,66,29,76,704,88963,
2020-05-24,70,100,83,110,104,61,36,79,643,89606,
2020-05-25,90,144,125,117,122,79,50,101,828,90434,
2020-05-26,68,116,122,111,84,70,54,95,720,91154,
2020-05-27,64,114,104,105,104,62,47,113,713,91867,
2020-05-28,53,90,83,82,92,49,42,86,577,92444,
2020-05-29,58,111,112,125,90,67,44,88,695,93139,
2020-05-30,56,109,103,99,71,47,26,48,559,93698,
2020-05-31,60,100,81,57,63,24,23,26,434,94132,
2020-06-01,62,122,117,84,94,51,41,92,663,94795,
2020-06-02,53,95,92,67,75,46,20,50,498,95293,
2020-06-03,79,100,85,62,49,46,20,43,484,95777,
2020-06-04,67,93,63,60,54,42,27,46,452,96229,
2020-06-05,55,100,49,81,66,39,28,27,445,96674,
2020-06-06,44,77,63,46,46,40,22,32,370,97044,
2020-06-07,49,66,57,42,35,21,22,27,319,97363,
2020-06-08,59,79,67,62,53,30,26,30,406,97769,
2020-06-09,45,88,65,41,40,36,30,26,371,98140,
2020-06-10,47,88,73,69,60,37,21,38,433,98573,
2020-06-11,50,67,54,51,55,29,25,29,360,98933,
2020-06-12,54,76,61,52,63,24,26,18,374,99307,
2020-06-13,37,68,48,30,29,17,12,27,268,99575,
2020-06-14,33,81,47,43,38,28,15,17,302,99877,
2020-06-15,57,82,56,53,57,38,20,25,388,100265,
2020-06-16,47,77,59,59,36,36,18,22,354,100619,
2020-06-17,42,83,53,43,43,34,16,27,341,100960,
2020-06-18,30,77,50,45,36,28,15,21,302,101262,
2020-06-19,46,75,58,42,52,25,14,19,331,101593,
2020-06-20,37,61,49,44,39,24,11,17,282,101875,
2020-06-21,30,62,59,34,29,23,15,20,272,102147,
2020-06-22,41,70,60,43,58,27,18,17,334,102481,
2020-06-23,46,67,61,50,45,20,15,14,318,102799,
2020-06-24,41,63,46,36,40,18,15,20,279,103078,
2020-06-25,39,119,68,61,39,24,18,21,389,103467,
2020-06-26,47,61,47,25,31,25,8,17,261,103728,
2020-06-27,41,57,53,29,39,21,13,16,269,103997,
2020-06-28,37,70,55,39,28,18,12,11,270,104267,
2020-06-29,56,58,59,42,38,29,13,22,317,104584,
2020-06-30,43,63,50,47,35,19,19,14,290,104874,
2020-07-01,45,52,39,50,37,27,7,19,276,105150,
2020-07-02,38,47,36,45,32,31,9,15,253,105403,
2020-07-03,39,74,45,28,44,28,11,14,283,105686,
2020-07-04,57,62,35,38,30,36,13,13,284,105970,
2020-07-05,58,61,39,32,34,24,12,8,268,106238,
2020-07-06,63,127,98,54,42,34,29,25,472,106710,
2020-07-07,68,112,70,55,43,37,13,23,421,107131,
2020-07-08,67,107,76,50,52,42,15,19,428,107559,
2020-07-09,64,99,72,58,55,24,13,17,402,107961,
2020-07-10,68,66,60,56,65,37,18,16,386,108347,
2020-07-11,52,118,63,34,32,33,15,17,364,108711,
2020-07-12,31,149,75,38,39,24,11,13,380,109091,
2020-07-13,71,181,108,63,77,50,21,27,598,109689,
2020-07-14,63,175,94,75,54,39,15,11,526,110215,
2020-07-15,56,167,103,83,67,35,13,23,547,110762,
2020-07-16,58,147,65,60,49,24,16,26,445,111207,
2020-07-17,67,127,96,61,62,33,12,18,476,111683,
2020-07-18,61,117,62,48,55,28,13,14,398,112081,
2020-07-19,60,104,45,53,44,32,18,16,372,112453,
2020-07-20,80,137,87,75,64,31,25,20,519,112972,
2020-07-21,89,148,77,60,41,32,12,22,481,113453,
2020-07-22,85,128,73,39,46,26,15,19,431,113884,
2020-07-23,84,89,62,49,47,31,21,15,398,114282,
2020-07-24,80,83,68,56,49,34,21,9,400,114682,
2020-07-25,48,74,55,37,39,25,13,4,295,114977,
2020-07-26,70,66,65,36,36,19,10,6,308,115285,
2020-07-27,81,136,72,49,44,30,17,14,443,115728,
2020-07-28,66,87,62,48,39,25,10,18,355,116083,
2020-07-29,72,89,78,57,34,17,11,8,366,116449,
2020-07-30,44,85,57,36,42,22,5,8,299,116748,
2020-07-31,52,64,59,48,31,22,15,9,300,117048,
2020-08-01,53,95,47,43,30,18,11,8,305,117353,
2020-08-02,56,71,51,37,32,23,8,7,285,117638,
2020-08-03,68,98,79,45,49,24,11,5,379,118017,
2020-08-04,58,110,66,51,56,24,11,11,387,118404,
2020-08-05,58,89,72,59,37,24,14,2,355,118759,
2020-08-06,43,88,58,43,42,20,12,14,320,119079,
2020-08-07,60,90,77,50,33,19,13,8,350,119429,
2020-08-08,52,69,68,44,42,16,12,7,310,119739,
2020-08-09,41,93,65,40,26,22,13,3,303,120042,
2020-08-10,63,101,86,49,37,29,20,10,395,120437,
2020-08-11,61,114,72,35,45,35,23,7,392,120829,
2020-08-12,62,92,64,50,46,28,16,6,364,121193,
2020-08-13,83,95,59,46,34,14,12,7,350,121543,
2020-08-14,38,89,62,57,38,18,10,11,323,121866,
2020-08-15,57,78,65,49,34,24,20,6,333,122199,
2020-08-16,42,87,71,54,47,25,13,15,354,122553,
2020-08-17,70,146,84,74,49,31,17,7,478,123031,
2020-08-18,68,108,72,52,39,19,16,7,381,123412,
2020-08-19,84,91,67,50,41,23,27,14,397,123809,
2020-08-20,75,88,78,52,49,21,25,10,398,124207,
2020-08-21,60,91,77,60,28,41,16,9,382,124589,
2020-08-22,65,103,58,63,41,30,9,11,380,124969,
2020-08-23,58,84,68,65,42,28,10,16,371,125340,
2020-08-24,105,124,84,67,67,40,23,13,523,125863,
2020-08-25,92,141,99,76,55,45,24,16,548,126411,
2020-08-26,97,121,92,88,58,37,16,12,521,126932,
2020-08-27,58,88,82,81,55,23,22,16,425,127357,
2020-08-28,106,114,73,81,44,49,29,13,509,127866,
2020-08-29,60,93,79,54,58,36,15,9,404,128270,
2020-08-30,77,115,112,61,52,41,29,4,491,128761,
2020-08-31,112,146,95,81,75,39,19,14,581,129342,
2020-09-01,122,175,123,90,71,44,25,21,671,130013,
2020-09-02,102,169,130,81,75,45,22,17,641,130654,
2020-09-03,118,152,98,81,54,35,23,11,572,131226,
2020-09-04,129,164,123,95,53,48,33,12,657,131883,
2020-09-05,127,154,98,76,54,36,26,19,590,132473,
2020-09-06,113,182,108,85,67,35,12,15,617,133090,
2020-09-07,123,226,117,111,79,49,17,13,735,133825,
2020-09-08,149,243,144,100,110,66,39,18,869,134694,
2020-09-09,162,248,149,132,81,60,23,15,870,135564,
2020-09-10,151,254,137,119,81,57,28,16,843,136407,
2020-09-11,149,227,155,113,94,59,29,21,847,137254,
2020-09-12,164,259,152,110,101,68,31,31,916,138170,
2020-09-13,150,241,152,110,92,62,20,18,845,139015,
2020-09-14,220,314,213,146,120,68,41,14,1136,140151,
2020-09-15,212,383,191,155,111,75,33,26,1186,141337,
2020-09-16,208,355,172,149,131,72,42,40,1169,142506,
2020-09-17,243,272,182,145,130,66,45,26,1109,143615,
2020-09-18,272,299,188,171,151,59,34,28,1202,144817,
2020-09-19,228,273,201,173,114,72,41,24,1126,145943,
2020-09-20,212,279,205,140,142,84,45,31,1138,147081,
2020-09-21,282,373,262,207,180,110,43,48,1505,148586,
2020-09-22,248,366,286,191,172,112,59,33,1467,150053,
2020-09-23,252,358,259,206,185,116,46,46,1468,151521,
2020-09-24,256,337,285,233,188,110,43,52,1504,153025,
2020-09-25,308,390,259,221,219,128,63,56,1644,154669,
2020-09-26,269,335,238,239,197,113,51,42,1484,156153,
2020-09-27,265,314,272,235,192,120,63,56,1517,157670,
2020-09-28,339,447,340,274,233,148,63,94,1938,159608,
2020-09-29,291,417,312,243,217,127,63,62,1732,161340,
2020-09-30,273,386,338,264,218,145,42,47,1713,163053,
2020-10-01,310,329,270,245,230,161,67,53,1665,164718,
2020-10-02,300,328,297,271,224,149,77,73,1719,166437,
2020-10-03,253,327,262,239,203,140,48,39,1511,167948,
2020-10-04,283,328,268,220,191,114,60,32,1496,169444,
2020-10-05,322,427,345,282,268,160,90,61,1955,171399,
2020-10-06,315,394,321,276,240,152,71,85,1854,173253,
2020-10-07,307,362,301,266,255,129,87,60,1767,175020,
2020-10-08,310,281,261,245,251,153,66,60,1627,176647,
2020-10-09,289,315,299,290,251,129,66,84,1723,178370,
2020-10-10,268,289,256,260,215,137,57,64,1546,179916,
2020-10-11,280,270,223,212,203,113,52,38,1391,181307,
2020-10-12,270,294,223,232,221,127,49,53,1469,182776,
2020-10-13,309,328,241,243,235,115,53,82,1606,184382,
2020-10-14,240,309,267,224,187,89,46,46,1408,185790,
2020-10-15,236,264,195,206,160,90,62,60,1273,187063,
2020-10-16,188,215,149,155,150,69,40,66,1032,188095,
2020-10-17,129,182,118,98,129,54,28,41,779,188874,
2020-10-18,97,143,133,89,116,60,21,32,691,189565,
2020-10-19,145,165,108,91,111,62,28,46,756,190321,
2020-10-20,105,146,97,85,95,58,37,54,677,190998,
2020-10-21,100,135,103,75,93,46,29,72,653,191651,
2020-10-22,88,96,54,51,56,46,13,15,419,192070,
2020-10-23,20,23,20,11,18,11,6,3,112,192182,
2020-10-24,0,0,0,0,0,0,0,0,0,192182,
2020-10-25,0,0,0,0,0,0,0,0,0,192182,