date,0-19,20-29,30-39,40-49,50-59,60-69,70-79,80+,new,cumulative-n-age,shaded
2020-01-15,0,0,1,0,0,0,0,0,1,1,14
2020-01-16,0,0,0,0,1,0,0,0,1,2,
2020-01-17,0,0,0,0,0,0,0,0,0,2,
2020-01-18,0,0,0,0,0,0,0,0,0,2,
2020-01-19,0,0,0,0,0,0,0,0,0,2,
2020-01-20,0,0,0,0,0,0,0,0,0,2,
2020-01-21,0,0,0,0,1,0,0,0,1,3,
2020-01-22,0,0,0,1,1,0,0,0,2,5,
2020-01-23,0,0,0,0,0,0,0,0,0,5,
2020-01-24,0,2,0,0,0,0,0,0,2,7,
2020-01-25,0,0,0,0,0,0,0,0,0,7,
2020-01-26,0,1,0,0,0,0,0,0,1,8,
2020-01-27,0,0,0,0,1,0,0,0,1,9,
2020-01-28,0,1,0,1,0,0,0,0,2,11,
2020-01-29,0,0,0,0,0,0,0,0,0,11,
2020-01-30,0,0,0,0,0,0,0,0,0,11,
2020-01-31,0,0,2,0,0,0,0,0,2,13,
2020-02-01,0,0,0,0,1,1,0,0,2,15,
2020-02-02,0,1,1,0,0,0,0,0,2,17,
2020-02-03,0,0,0,0,1,0,0,0,1,18,
2020-02-04,0,0,0,0,0,0,0,2,2,20,
2020-02-05,0,2,0,0,0,0,0,0,2,22,
2020-02-06,0,0,0,0,0,0,0,0,0,22,
2020-02-07,1,0,0,0,0,0,0,0,1,23,
2020-02-08,0,0,0,0,0,0,0,0,0,23,
2020-02-09,0,0,2,0,0,0,0,0,2,25,
2020-02-10,0,0,0,0,0,2,0,0,2,27,
2020-02-11,0,0,0,0,0,0,0,1,1,28,
2020-02-12,0,0,0,0,1,0,0,0,1,29,
2020-02-13,0,0,0,1,0,0,0,0,1,30,
2020-02-14,0,0,2,0,0,1,1,0,4,34,
2020-02-15,1,0,0,1,0,0,0,0,2,36,
2020-02-16,0,0,0,0,0,1,0,0,1,37,
2020-02-17,0,1,0,0,0,1,0,0,2,39,
2020-02-18,0,0,0,1,0,0,0,1,2,41,
2020-02-19,0,1,0,2,0,0,0,0,3,44,
2020-02-20,0,0,2,0,1,1,2,1,7,51,
2020-02-21,0,0,0,1,0,1,0,0,2,53,
2020-02-22,0,0,0,1,1,0,3,0,5,58,
2020-02-23,2,3,1,2,3,4,1,0,16,74,
2020-02-24,1,0,3,1,5,1,3,0,14,88,
2020-02-25,1,1,1,1,3,7,1,0,15,103,
2020-02-26,2,1,1,3,1,4,0,0,12,115,
2020-02-27,1,3,5,2,7,4,1,2,25,140,
2020-02-28,0,1,4,3,5,8,2,12,35,175,
2020-02-29,0,3,3,5,5,7,1,3,27,202,
2020-03-01,1,2,10,7,8,9,7,6,50,252,
2020-03-02,4,3,12,7,9,5,5,2,47,299,
2020-03-03,0,4,7,4,11,17,6,4,53,352,
2020-03-04,3,6,4,8,12,11,6,2,52,404,
2020-03-05,1,6,12,9,12,13,6,4,63,467,
2020-03-06,4,8,15,11,13,15,8,9,83,550,
2020-03-07,6,11,9,16,24,13,5,5,89,639,
2020-03-08,4,14,19,28,34,20,8,4,131,770,
2020-03-09,8,30,38,39,53,33,18,5,224,994,
2020-03-10,13,23,46,38,56,50,22,12,260,1254,
2020-03-11,12,46,49,62,51,38,27,11,296,1550,
2020-03-12,11,53,75,77,76,44,38,15,389,1939,
2020-03-13,29,58,66,89,81,75,41,17,456,2395,
2020-03-14,23,51,61,77,103,82,50,18,465,2860,
2020-03-15,23,75,108,99,115,90,53,36,599,3459,
2020-03-16,38,123,141,154,158,132,58,27,831,4290,
2020-03-17,43,111,160,157,175,119,70,44,879,5169,
2020-03-18,48,151,146,168,173,133,85,45,949,6118,
2020-03-19,42,127,116,141,139,133,73,35,806,6924,
2020-03-20,53,153,162,157,189,177,69,61,1021,7945,
2020-03-21,53,131,151,136,151,132,79,49,882,8827,
2020-03-22,51,133,122,145,170,131,56,59,867,9694,
2020-03-23,57,161,173,163,193,146,82,89,1064,10758,
2020-03-24,61,153,133,152,167,133,83,72,954,11712,
2020-03-25,59,142,136,164,167,119,76,105,968,12680,
2020-03-26,55,111,118,145,184,127,73,98,911,13591,
2020-03-27,45,145,114,163,170,128,76,104,945,14536,
2020-03-28,49,119,137,163,163,115,85,118,949,15485,
2020-03-29,49,113,115,140,149,102,82,111,861,16346,
2020-03-30,58,129,147,211,186,124,91,186,1132,17478,
2020-03-31,43,124,122,167,141,114,91,162,964,18442,
2020-04-01,79,136,171,185,219,155,124,216,1285,19727,
2020-04-02,68,118,135,225,174,113,86,243,1162,20889,
2020-04-03,66,132,161,224,206,143,114,281,1327,22216,
2020-04-04,57,119,152,182,209,104,96,228,1147,23363,
2020-04-05,44,139,133,178,150,106,81,237,1068,24431,
2020-04-06,77,162,196,233,222,136,104,269,1399,25830,
2020-04-07,63,131,163,208,220,114,109,265,1273,27103,
2020-04-08,93,140,192,226,222,112,95,329,1409,28512,
2020-04-09,76,127,190,258,223,131,116,338,1459,29971,
2020-04-10,85,201,221,272,251,161,124,426,1741,31712,
2020-04-11,70,154,186,246,244,148,104,472,1624,33336,
2020-04-12,89,175,196,243,209,131,109,324,1476,34812,
2020-04-13,93,214,233,299,298,192,146,563,2038,36850,
2020-04-14,84,196,229,261,242,160,138,474,1784,38634,
2020-04-15,112,220,237,249,246,173,162,470,1869,40503,
2020-04-16,124,177,208,255,208,184,157,626,1939,42442,
2020-04-17,106,202,230,295,260,154,153,468,1868,44310,
2020-04-18,97,196,206,215,273,150,148,378,1663,45973,
2020-04-19,72,135,171,207,199,96,92,306,1278,47251,
2020-04-20,91,238,230,277,261,173,134,387,1791,49042,
2020-04-21,75,150,201,219,207,126,107,356,1441,50483,
2020-04-22,92,168,194,219,233,124,127,386,1543,52026,
2020-04-23,93,192,209,208,225,164,119,371,1581,53607,
2020-04-24,91,178,238,242,228,119,118,294,1508,55115,
2020-04-25,104,185,181,228,192,129,98,285,1402,56517,
2020-04-26,114,206,196,205,189,118,90,236,1354,57871,
2020-04-27,110,202,215,242,257,160,150,340,1676,59547,
2020-04-28,116,179,215,230,187,149,121,327,1524,61071,
2020-04-29,88,190,202,206,192,141,127,345,1491,62562,
2020-04-30,84,177,178,187,239,138,120,319,1442,64004,
2020-05-01,88,213,240,267,250,118,102,315,1593,65597,
2020-05-02,89,153,160,168,181,80,69,174,1074,66671,
2020-05-03,97,145,141,167,144,94,76,182,1046,67717,
2020-05-04,86,180,153,208,208,109,98,284,1326,69043,
2020-05-05,88,158,156,163,195,84,119,294,1257,70300,
2020-05-06,95,132,149,154,177,103,88,195,1093,71393,
2020-05-07,80,166,148,149,182,111,73,214,1123,72516,
2020-05-08,84,156,183,163,189,86,79,206,1146,73662,
2020-05-09,71,136,129,158,174,97,88,186,1039,74701,
2020-05-10,77,139,137,133,139,89,83,188,985,75686,
2020-05-11,98,184,177,162,187,103,86,224,1221,76907,
2020-05-12,99,174,129,138,161,102,90,206,1099,78006,
2020-05-13,78,144,160,137,172,107,73,217,1088,79094,
2020-05-14,111,154,155,153,146,120,81,254,1174,80268,
2020-05-15,93,181,178,182,173,136,85,249,1277,81545,
2020-05-16,86,146,135,156,182,98,61,121,985,82530,
2020-05-17,78,142,148,148,136,81,56,129,918,83448,
2020-05-18,110,165,157,154,143,85,84,179,1077,84525,
2020-05-19,89,153,131,147,147,72,56,149,944,85469,
2020-05-20,103,179,123,171,141,102,70,205,1094,86563,
2020-05-21,93,151,119,127,116,74,46,130,856,87419,
2020-05-22,87,136,130,139,131,68,59,100,850,88269,
2020-05-23,79,134,95,124,110,66,28,78,714,88983,
2020-05-24,70,98,83,106,106,66,36,80,645,89628,
2020-05-25,89,146,126,119,117,76,52,104,829,90457,
2020-05-26,73,115,119,114,89,74,51,90,725,91182,
2020-05-27,60,111,101,97,106,60,47,110,692,91874,
2020-05-28,54,98,86,83,90,49,39,85,584,92458,
2020-05-29,58,103,108,128,90,68,44,91,690,93148,
2020-05-30,57,113,105,94,70,44,26,39,548,93696,
2020-05-31,64,98,92,64,75,32,25,33,483,94179,
2020-06-01,60,119,107,78,85,44,37,82,612,94791,
2020-06-02,49,96,90,64,75,51,21,49,495,95286,
2020-06-03,83,105,88,71,48,45,19,50,509,95795,
2020-06-04,65,88,57,54,55,42,31,42,434,96229,
2020-06-05,55,98,51,78,61,36,26,25,430,96659,
2020-06-06,46,78,65,49,48,39,24,39,388,97047,
2020-06-07,51,70,60,43,39,24,19,20,326,97373,
2020-06-08,52,75,63,60,49,28,29,37,393,97766,
2020-06-09,46,84,65,42,41,37,26,19,360,98126,
2020-06-10,47,87,71,67,59,35,21,34,421,98547,
2020-06-11,50,67,54,52,55,29,26,30,363,98910,
2020-06-12,55,76,61,49,63,24,24,19,371,99281,
2020-06-13,37,67,50,32,31,17,12,28,274,99555,
2020-06-14,34,81,46,42,39,29,16,17,304,99859,
2020-06-15,57,82,56,55,56,37,19,27,389,100248,
2020-06-16,48,79,59,58,36,36,18,20,354,100602,
2020-06-17,43,85,55,43,44,34,16,26,346,100948,
2020-06-18,31,78,51,49,36,29,14,22,310,101258,
2020-06-19,44,74,58,41,52,26,14,19,328,101586,
2020-06-20,39,63,48,43,42,23,10,17,285,101871,
2020-06-21,30,61,60,35,30,23,15,21,275,102146,
2020-06-22,43,70,61,42,57,27,17,17,334,102480,
2020-06-23,46,67,58,51,46,20,15,14,317,102797,
2020-06-24,40,64,46,36,39,18,15,20,278,103075,
2020-06-25,39,120,69,61,37,23,18,21,388,103463,
2020-06-26,47,60,48,25,31,25,8,19,263,103726,
2020-06-27,42,57,53,29,39,21,13,15,269,103995,
2020-06-28,37,72,55,41,27,17,13,13,275,104270,
2020-06-29,56,57,61,42,38,29,12,21,316,104586,
2020-06-30,45,64,50,47,36,19,19,14,294,104880,
2020-07-01,45,50,39,51,37,27,7,20,276,105156,
2020-07-02,37,49,36,46,33,32,9,15,257,105413,
2020-07-03,40,75,45,28,44,27,11,14,284,105697,
2020-07-04,56,61,35,41,31,37,14,13,288,105985,
2020-07-05,60,62,41,31,34,24,12,9,273,106258,
2020-07-06,63,126,99,57,42,35,30,22,474,106732,
2020-07-07,69,113,69,53,44,36,12,24,420,107152,
2020-07-08,67,108,77,49,51,42,16,19,429,107581,
2020-07-09,64,96,71,59,57,25,11,17,400,107981,
2020-07-10,71,68,62,59,67,36,18,17,398,108379,
2020-07-11,51,122,64,34,32,33,16,17,369,108748,
2020-07-12,32,149,75,37,42,25,11,13,384,109132,
2020-07-13,72,180,111,65,74,49,21,27,599,109731,
2020-07-14,64,179,96,77,57,39,15,13,540,110271,
2020-07-15,57,173,100,83,65,35,13,21,547,110818,
2020-07-16,57,149,66,61,50,24,16,26,449,111267,
2020-07-17,68,128,97,59,62,37,13,18,482,111749,
2020-07-18,61,115,62,48,56,27,14,14,397,112146,
2020-07-19,61,104,46,55,47,33,18,15,379,112525,
2020-07-20,81,138,86,75,65,31,24,20,520,113045,
2020-07-21,89,151,79,59,41,31,12,23,485,113530,
2020-07-22,87,130,77,41,46,26,16,20,443,113973,
2020-07-23,86,94,62,48,47,32,19,14,402,114375,
2020-07-24,83,85,71,59,51,34,21,9,413,114788,
2020-07-25,51,76,57,39,39,24,13,6,305,115093,
2020-07-26,74,71,62,42,37,22,11,7,326,115419,
2020-07-27,79,142,81,47,47,30,17,18,461,115880,
2020-07-28,67,93,66,56,47,32,13,21,395,116275,
2020-07-29,75,96,79,55,37,15,12,10,379,116654,
2020-07-30,50,95,63,43,43,25,5,7,331,116985,
2020-07-31,55,69,61,48,33,22,16,11,315,117300,
2020-08-01,57,100,52,43,30,19,12,8,321,117621,
2020-08-02,60,88,59,37,35,26,9,9,323,117944,
2020-08-03,79,110,83,49,54,28,12,9,424,118368,
2020-08-04,64,109,72,56,61,25,13,11,411,118779,
2020-08-05,59,93,72,60,39,23,17,3,366,119145,
2020-08-06,49,91,67,50,41,23,12,15,348,119493,
2020-08-07,64,92,83,48,41,21,15,10,374,119867,
2020-08-08,52,74,69,48,37,17,15,7,319,120186,
2020-08-09,44,96,60,35,30,22,12,6,305,120491,
2020-08-10,68,104,95,52,38,31,21,17,426,120917,
2020-08-11,67,125,78,42,50,40,26,13,441,121358,
2020-08-12,60,86,63,50,46,26,18,7,356,121714,
2020-08-13,90,101,64,53,37,14,14,10,383,122097,
2020-08-14,43,94,66,55,43,24,12,10,347,122444,
2020-08-15,55,83,64,57,40,21,20,9,349,122793,
2020-08-16,47,93,71,50,49,30,12,15,367,123160,
2020-08-17,74,146,88,71,46,29,20,14,488,123648,
2020-08-18,79,107,73,55,37,17,18,10,396,124044,
2020-08-19,83,98,66,53,45,27,28,17,417,124461,
2020-08-20,78,89,82,54,50,22,27,10,412,124873,
2020-08-21,68,95,73,66,25,40,17,9,393,125266,
2020-08-22,72,101,58,65,41,32,10,13,392,125658,
2020-08-23,53,92,69,62,47,32,13,15,383,126041,
2020-08-24,111,120,85,70,67,43,25,14,535,126576,
2020-08-25,105,149,102,80,55,43,24,17,575,127151,
2020-08-26,92,124,98,90,61,40,18,12,535,127686,
2020-08-27,64,92,81,81,58,29,24,20,449,128135,
2020-08-28,119,114,80,82,47,51,29,12,534,128669,
2020-08-29,63,100,83,57,59,35,18,9,424,129093,
2020-08-30,83,121,115,61,61,42,27,6,516,129609,
2020-08-31,119,153,97,86,78,38,22,18,611,130220,
2020-09-01,133,179,132,93,78,46,29,24,714,130934,
2020-09-02,113,179,132,86,78,46,22,18,674,131608,
2020-09-03,126,152,104,86,61,39,28,14,610,132218,
2020-09-04,138,172,127,97,54,46,33,20,687,132905,
2020-09-05,131,155,104,85,56,40,33,41,645,133550,
2020-09-06,121,190,111,85,72,40,12,25,656,134206,
2020-09-07,130,229,124,115,80,52,21,19,770,134976,
2020-09-08,162,258,151,105,115,74,42,22,929,135905,
2020-09-09,189,259,155,139,89,64,27,25,947,136852,
2020-09-10,167,264,145,124,91,61,30,18,900,137752,
2020-09-11,163,243,161,113,96,62,37,32,907,138659,
2020-09-12,182,263,158,114,106,70,35,35,963,139622,
2020-09-13,167,263,165,119,99,73,24,33,943,140565,
2020-09-14,238,325,226,153,127,76,44,19,1208,141773,
2020-09-15,247,415,195,167,116,84,39,38,1301,143074,
2020-09-16,243,379,183,163,148,87,43,46,1292,144366,
2020-09-17,272,300,196,160,145,71,48,31,1223,145589,
2020-09-18,317,328,201,188,159,69,41,47,1350,146939,
2020-09-19,253,296,221,185,123,78,52,31,1239,148178,
2020-09-20,248,302,223,157,156,92,53,36,1267,149445,
2020-09-21,328,426,303,245,208,130,59,58,1757,151202,
2020-09-22,311,449,320,238,217,140,74,52,1801,153003,
2020-09-23,331,442,311,242,220,138,63,65,1812,154815,
2020-09-24,324,422,334,290,224,141,55,68,1858,156673,
2020-09-25,369,477,325,259,255,156,90,80,2011,158684,
2020-09-26,319,402,292,275,228,137,63,78,1794,160478,
2020-09-27,339,410,325,278,240,152,87,77,1908,162386,
2020-09-28,415,543,399,319,282,173,86,146,2363,164749,
2020-09-29,372,541,371,311,266,159,104,95,2219,166968,
2020-09-30,367,503,396,311,272,179,72,110,2210,169178,
2020-10-01,398,440,330,295,278,187,93,76,2097,171275,
2020-10-02,366,393,352,324,269,185,100,94,2083,173358,
2020-10-03,310,408,299,280,233,155,57,52,1794,175152,
2020-10-04,358,402,323,272,232,142,85,51,1865,177017,
2020-10-05,409,491,396,332,303,196,118,94,2339,179356,
2020-10-06,378,465,366,331,291,184,82,112,2209,181565,
2020-10-07,389,430,364,300,277,159,120,150,2189,183754,
2020-10-08,400,338,323,320,314,198,101,139,2133,185887,
2020-10-09,374,402,359,358,326,179,93,132,2223,188110,
2020-10-10,357,358,324,325,293,181,76,93,2007,190117,
2020-10-11,377,360,291,268,256,150,82,91,1875,191992,
2020-10-12,419,424,326,334,325,195,98,112,2233,194225,
2020-10-13,476,495,381,359,367,193,107,152,2530,196755,
2020-10-14,430,495,412,382,314,189,109,113,2444,199199,
2020-10-15,494,487,353,378,306,177,139,136,2470,201669,
2020-10-16,484,477,373,386,331,200,121,166,2538,204207,
2020-10-17,422,472,355,321,339,199,79,105,2292,206499,
2020-10-18,390,427,356,316,334,176,90,123,2212,208711,
2020-10-19,577,533,416,429,384,206,116,151,2812,211523,
2020-10-20,495,494,457,390,365,231,106,149,2687,214210,
2020-10-21,480,524,432,417,372,200,112,171,2708,216918,
2020-10-22,505,511,411,406,324,218,107,144,2626,219544,
2020-10-23,499,530,427,391,350,214,111,149,2671,222215,
2020-10-24,455,463,407,375,362,210,98,109,2479,224694,
2020-10-25,497,406,387,386,382,198,113,137,2506,227200,
2020-10-26,612,568,477,473,388,256,156,207,3137,230337,
2020-10-27,557,581,493,433,413,226,141,213,3057,233394,
2020-10-28,574,622,491,459,442,259,156,259,3262,236656,
2020-10-29,505,516,461,410,383,231,137,170,2813,239469,
2020-10-30,581,546,459,445,464,237,136,151,3019,242488,
2020-10-31,530,546,507,439,385,193,111,130,2841,245329,
2020-11-01,488,532,430,407,309,219,112,114,2611,247940,
2020-11-02,711,696,583,528,436,284,175,257,3670,251610,
2020-11-03,617,688,535,536,392,267,142,210,3387,254997,
2020-11-04,660,620,503,471,411,248,153,195,3261,258258,
2020-11-05,569,543,449,450,361,216,142,199,2929,261187,
2020-11-06,521,543,440,417,407,268,135,233,2964,264151,
2020-11-07,403,448,372,370,314,178,103,170,2358,266509,
2020-11-08,278,335,252,234,196,134,69,59,1557,268066,
2020-11-09,231,316,252,220,217,157,60,85,1538,269604,
2020-11-10,245,291,216,207,186,108,59,62,1374,270978,
2020-11-11,174,226,154,136,147,91,59,59,1046,272024,
2020-11-12,168,202,175,160,106,81,58,47,997,273021,
2020-11-13,117,165,134,109,124,59,34,50,792,273813,
2020-11-14,33,46,35,35,34,25,17,10,235,274048,
2020-11-15,2,1,0,0,0,0,0,0,3,274051,
2020-11-16,0,0,0,0,0,0,0,0,0,274051,