date,0-19,20-29,30-39,40-49,50-59,60-69,70-79,80+,new,cumulative-n-age,shaded
2020-01-15,0,0,1,0,0,0,0,0,1,1,14
2020-01-16,0,0,0,0,0,0,0,0,0,1,
2020-01-17,0,0,0,0,0,0,0,0,0,1,
2020-01-18,0,0,0,0,0,0,0,0,0,1,
2020-01-19,0,0,0,0,0,0,0,0,0,1,
2020-01-20,0,0,0,0,0,0,0,0,0,1,
2020-01-21,0,0,0,0,1,0,0,0,1,2,
2020-01-22,0,0,0,1,1,0,0,0,2,4,
2020-01-23,0,0,0,0,0,0,0,0,0,4,
2020-01-24,0,2,0,0,0,0,0,0,2,6,
2020-01-25,0,0,0,0,0,0,0,0,0,6,
2020-01-26,0,0,0,0,0,0,0,0,0,6,
2020-01-27,0,0,0,0,1,0,0,0,1,7,
2020-01-28,0,1,0,0,0,0,0,0,1,8,
2020-01-29,0,0,0,0,0,0,0,0,0,8,
2020-01-30,0,0,0,0,0,0,0,0,0,8,
2020-01-31,0,0,1,0,0,0,0,0,1,9,
2020-02-01,0,0,0,0,1,1,0,0,2,11,
2020-02-02,0,0,0,0,0,0,0,0,0,11,
2020-02-03,0,0,0,0,1,0,0,0,1,12,
2020-02-04,0,0,0,0,0,0,0,2,2,14,
2020-02-05,0,2,0,0,0,0,0,0,2,16,
2020-02-06,0,0,0,0,0,0,0,0,0,16,
2020-02-07,1,0,0,0,0,0,0,0,1,17,
2020-02-08,0,0,0,0,0,0,0,0,0,17,
2020-02-09,0,0,1,0,0,0,0,0,1,18,
2020-02-10,0,0,0,0,0,2,0,0,2,20,
2020-02-11,0,0,0,0,0,0,0,0,0,20,
2020-02-12,0,0,0,0,1,0,0,0,1,21,
2020-02-13,0,0,0,1,0,0,0,0,1,22,
2020-02-14,0,0,2,0,0,1,1,0,4,26,
2020-02-15,1,0,0,1,0,0,0,0,2,28,
2020-02-16,0,0,0,0,0,1,0,0,1,29,
2020-02-17,0,1,0,0,0,1,0,0,2,31,
2020-02-18,0,0,0,1,0,0,0,1,2,33,
2020-02-19,0,1,0,2,0,0,0,0,3,36,
2020-02-20,0,0,2,0,1,1,2,1,7,43,
2020-02-21,0,0,0,1,0,1,0,0,2,45,
2020-02-22,0,0,0,1,1,0,3,0,5,50,
2020-02-23,2,3,1,2,3,4,1,0,16,66,
2020-02-24,1,0,3,1,5,1,3,0,14,80,
2020-02-25,1,1,1,1,3,7,1,0,15,95,
2020-02-26,2,1,1,3,1,4,0,0,12,107,
2020-02-27,1,3,5,2,7,4,1,2,25,132,
2020-02-28,0,1,4,3,5,8,2,12,35,167,
2020-02-29,0,3,3,5,5,7,1,3,27,194,
2020-03-01,0,2,9,7,8,8,7,6,47,241,
2020-03-02,4,3,12,7,9,6,5,2,48,289,
2020-03-03,0,4,7,4,11,17,6,4,53,342,
2020-03-04,3,5,4,8,11,11,6,2,50,392,
2020-03-05,1,6,12,9,12,13,6,4,63,455,
2020-03-06,4,8,15,11,13,15,8,9,83,538,
2020-03-07,6,11,9,16,24,13,5,5,89,627,
2020-03-08,4,14,19,28,34,20,8,4,131,758,
2020-03-09,8,30,38,39,53,33,18,5,224,982,
2020-03-10,12,23,45,37,56,50,22,12,257,1239,
2020-03-11,12,45,50,63,51,38,27,10,296,1535,
2020-03-12,12,52,75,75,74,44,37,14,383,1918,
2020-03-13,28,57,65,90,83,74,42,17,456,2374,
2020-03-14,23,51,60,76,102,79,49,18,458,2832,
2020-03-15,23,74,107,99,114,91,54,35,597,3429,
2020-03-16,38,128,141,153,158,132,58,28,836,4265,
2020-03-17,39,103,160,158,173,116,70,44,863,5128,
2020-03-18,52,156,148,165,174,133,85,45,958,6086,
2020-03-19,43,127,117,145,139,133,71,34,809,6895,
2020-03-20,53,149,163,156,187,174,71,61,1014,7909,
2020-03-21,54,135,150,136,154,136,78,49,892,8801,
2020-03-22,50,134,122,146,167,129,56,58,862,9663,
2020-03-23,56,162,169,164,193,146,84,88,1062,10725,
2020-03-24,61,153,134,151,168,135,83,72,957,11682,
2020-03-25,60,140,137,164,169,117,77,107,971,12653,
2020-03-26,54,114,118,146,181,127,71,97,908,13561,
2020-03-27,45,144,111,163,172,132,76,103,946,14507,
2020-03-28,50,119,140,161,163,115,88,119,955,15462,
2020-03-29,49,113,117,141,150,103,82,110,865,16327,
2020-03-30,59,131,146,211,186,125,90,187,1135,17462,
2020-03-31,43,123,121,163,141,113,91,160,955,18417,
2020-04-01,79,138,175,188,223,155,126,217,1301,19718,
2020-04-02,68,116,133,226,169,111,86,246,1155,20873,
2020-04-03,66,133,161,224,207,144,115,281,1331,22204,
2020-04-04,57,119,151,183,212,105,97,226,1150,23354,
2020-04-05,42,139,132,175,151,104,81,236,1060,24414,
2020-04-06,79,160,198,238,223,137,101,273,1409,25823,
2020-04-07,63,132,164,208,216,114,110,264,1271,27094,
2020-04-08,93,137,190,224,223,112,96,330,1405,28499,
2020-04-09,78,131,190,256,223,130,115,336,1459,29958,
2020-04-10,85,201,220,270,251,157,125,427,1736,31694,
2020-04-11,71,154,186,246,246,148,104,473,1628,33322,
2020-04-12,88,172,196,247,206,131,108,326,1474,34796,
2020-04-13,94,215,229,300,302,194,145,564,2043,36839,
2020-04-14,84,198,229,263,238,163,141,483,1799,38638,
2020-04-15,111,218,236,246,252,175,161,470,1869,40507,
2020-04-16,125,179,212,251,206,183,155,619,1930,42437,
2020-04-17,106,203,227,296,258,154,152,462,1858,44295,
2020-04-18,97,195,208,217,278,149,147,371,1662,45957,
2020-04-19,71,134,166,203,198,93,93,304,1262,47219,
2020-04-20,92,236,233,280,263,178,139,391,1812,49031,
2020-04-21,74,155,201,218,204,126,105,356,1439,50470,
2020-04-22,93,168,195,221,233,124,126,388,1548,52018,
2020-04-23,93,190,210,207,225,160,117,363,1565,53583,
2020-04-24,92,179,239,239,227,121,118,294,1509,55092,
2020-04-25,105,189,183,227,194,127,95,284,1404,56496,
2020-04-26,115,204,196,206,188,112,89,232,1342,57838,
2020-04-27,109,200,218,244,255,163,150,339,1678,59516,
2020-04-28,115,182,212,227,180,149,123,330,1518,61034,
2020-04-29,88,189,202,207,192,144,127,341,1490,62524,
2020-04-30,84,185,180,188,239,138,114,320,1448,63972,
2020-05-01,90,207,238,269,252,118,104,309,1587,65559,
2020-05-02,87,152,164,172,183,80,72,176,1086,66645,
2020-05-03,100,145,142,165,141,93,73,180,1039,67684,
2020-05-04,85,178,152,207,207,106,99,287,1321,69005,
2020-05-05,88,160,157,164,193,85,119,293,1259,70264,
2020-05-06,97,133,148,155,182,100,86,189,1090,71354,
2020-05-07,80,165,152,148,186,121,74,222,1148,72502,
2020-05-08,84,158,184,168,190,88,82,215,1169,73671,
2020-05-09,71,133,129,157,175,94,87,186,1032,74703,
2020-05-10,77,142,138,130,135,81,82,168,953,75656,
2020-05-11,101,184,177,163,187,105,83,231,1231,76887,
2020-05-12,100,174,129,139,161,99,91,195,1088,77975,
2020-05-13,78,140,162,138,174,108,77,221,1098,79073,
2020-05-14,111,153,147,151,146,117,78,253,1156,80229,
2020-05-15,96,184,184,184,171,135,82,237,1273,81502,
2020-05-16,83,144,137,151,182,101,63,133,994,82496,
2020-05-17,82,145,143,151,132,80,59,127,919,83415,
2020-05-18,110,163,161,154,144,86,80,181,1079,84494,
2020-05-19,87,150,125,143,147,75,62,150,939,85433,
2020-05-20,108,181,127,167,144,99,69,202,1097,86530,
2020-05-21,90,159,116,137,117,75,47,132,873,87403,
2020-05-22,87,135,131,135,130,71,57,97,843,88246,
2020-05-23,83,130,90,119,111,66,29,76,704,88950,
2020-05-24,70,101,83,110,104,61,35,79,643,89593,
2020-05-25,90,144,125,117,122,79,50,102,829,90422,
2020-05-26,68,116,122,111,84,70,53,97,721,91143,
2020-05-27,64,114,104,105,104,62,47,113,713,91856,
2020-05-28,53,90,84,82,92,50,43,86,580,92436,
2020-05-29,58,111,112,126,90,66,44,88,695,93131,
2020-05-30,56,109,103,99,71,47,26,47,558,93689,
2020-05-31,60,100,81,57,63,24,23,26,434,94123,
2020-06-01,62,122,117,83,94,50,41,90,659,94782,
2020-06-02,52,95,92,67,75,46,20,49,496,95278,
2020-06-03,79,100,85,62,49,47,20,43,485,95763,
2020-06-04,66,93,63,60,54,42,27,46,451,96214,
2020-06-05,55,100,49,79,66,39,28,27,443,96657,
2020-06-06,44,78,63,47,46,40,22,32,372,97029,
2020-06-07,50,66,57,42,35,21,22,28,321,97350,
2020-06-08,59,78,67,61,53,30,25,30,403,97753,
2020-06-09,45,88,65,42,41,36,30,25,372,98125,
2020-06-10,47,88,73,69,60,37,21,38,433,98558,
2020-06-11,50,68,54,51,55,29,25,29,361,98919,
2020-06-12,54,76,61,52,63,24,26,18,374,99293,
2020-06-13,37,68,48,30,29,17,12,27,268,99561,
2020-06-14,33,82,47,43,38,27,15,17,302,99863,
2020-06-15,57,79,56,54,57,38,20,25,386,100249,
2020-06-16,46,77,59,58,36,35,18,22,351,100600,
2020-06-17,42,84,53,43,43,34,16,26,341,100941,
2020-06-18,29,79,50,45,36,28,15,19,301,101242,
2020-06-19,46,75,58,42,52,26,14,19,332,101574,
2020-06-20,38,61,50,44,39,24,11,19,286,101860,
2020-06-21,30,62,59,35,29,23,15,20,273,102133,
2020-06-22,40,70,59,43,58,27,18,17,332,102465,
2020-06-23,46,67,61,50,45,20,15,13,317,102782,
2020-06-24,41,64,46,36,40,18,15,21,281,103063,
2020-06-25,39,119,68,61,39,24,18,21,389,103452,
2020-06-26,47,61,47,25,31,25,8,17,261,103713,
2020-06-27,41,57,53,29,39,21,13,16,269,103982,
2020-06-28,37,70,55,39,28,18,12,11,270,104252,
2020-06-29,56,58,59,42,38,29,13,22,317,104569,
2020-06-30,43,63,50,47,35,19,19,14,290,104859,
2020-07-01,45,52,39,50,37,26,7,19,275,105134,
2020-07-02,38,47,36,45,31,31,9,15,252,105386,
2020-07-03,39,73,45,28,44,28,11,13,281,105667,
2020-07-04,56,63,35,38,30,37,13,13,285,105952,
2020-07-05,58,60,39,32,34,23,12,8,266,106218,
2020-07-06,63,128,98,54,42,34,29,25,473,106691,
2020-07-07,69,112,70,55,43,37,14,23,423,107114,
2020-07-08,67,106,76,50,51,42,15,19,426,107540,
2020-07-09,64,100,72,58,54,24,13,17,402,107942,
2020-07-10,68,67,59,57,65,36,18,16,386,108328,
2020-07-11,52,117,63,34,32,33,15,17,363,108691,
2020-07-12,31,149,75,38,39,25,12,13,382,109073,
2020-07-13,71,183,108,63,78,50,21,27,601,109674,
2020-07-14,63,175,94,75,54,39,15,11,526,110200,
2020-07-15,56,167,103,83,67,35,13,23,547,110747,
2020-07-16,58,145,65,58,49,24,16,26,441,111188,
2020-07-17,67,127,96,61,62,33,12,18,476,111664,
2020-07-18,61,117,62,48,55,28,13,14,398,112062,
2020-07-19,59,104,46,51,44,32,18,16,370,112432,
2020-07-20,80,137,86,74,63,31,25,20,516,112948,
2020-07-21,86,147,78,61,41,31,12,22,478,113426,
2020-07-22,85,129,73,38,46,27,15,19,432,113858,
2020-07-23,84,89,61,49,47,31,21,15,397,114255,
2020-07-24,80,83,67,54,49,34,21,9,397,114652,
2020-07-25,48,72,55,37,38,25,13,4,292,114944,
2020-07-26,70,66,65,37,36,19,10,5,308,115252,
2020-07-27,81,136,72,49,44,30,17,14,443,115695,
2020-07-28,65,86,62,49,39,25,10,18,354,116049,
2020-07-29,72,89,79,57,34,17,11,8,367,116416,
2020-07-30,44,85,57,35,42,22,5,8,298,116714,
2020-07-31,49,64,59,47,30,23,15,9,296,117010,
2020-08-01,54,95,47,40,30,17,11,8,302,117312,
2020-08-02,55,69,51,37,32,23,8,7,282,117594,
2020-08-03,68,96,78,44,49,24,11,5,375,117969,
2020-08-04,57,108,66,49,56,24,12,11,383,118352,
2020-08-05,58,89,73,59,36,24,13,2,354,118706,
2020-08-06,43,87,59,43,43,20,12,14,321,119027,
2020-08-07,60,91,77,50,32,18,13,8,349,119376,
2020-08-08,53,67,67,43,42,16,12,7,307,119683,
2020-08-09,41,93,65,40,25,22,12,3,301,119984,
2020-08-10,63,101,86,47,37,29,20,10,393,120377,
2020-08-11,61,114,72,34,44,35,23,7,390,120767,
2020-08-12,61,92,64,48,44,28,16,6,359,121126,
2020-08-13,84,95,59,46,33,14,12,7,350,121476,
2020-08-14,38,88,63,57,38,18,9,10,321,121797,
2020-08-15,57,78,65,49,34,25,20,6,334,122131,
2020-08-16,42,86,71,54,48,25,12,15,353,122484,
2020-08-17,70,146,84,73,48,31,17,7,476,122960,
2020-08-18,67,108,72,52,39,19,16,7,380,123340,
2020-08-19,84,91,67,50,41,22,27,14,396,123736,
2020-08-20,75,85,78,51,50,21,25,10,395,124131,
2020-08-21,60,90,77,59,28,41,16,9,380,124511,
2020-08-22,65,103,58,63,40,30,9,11,379,124890,
2020-08-23,58,85,68,65,42,28,10,16,372,125262,
2020-08-24,105,119,84,68,67,40,23,13,519,125781,
2020-08-25,93,139,100,77,55,45,24,16,549,126330,
2020-08-26,95,122,91,86,58,37,16,12,517,126847,
2020-08-27,58,88,82,81,55,23,22,16,425,127272,
2020-08-28,106,115,74,81,43,49,29,13,510,127782,
2020-08-29,60,92,78,52,58,36,15,9,400,128182,
2020-08-30,76,113,111,60,50,40,29,4,483,128665,
2020-08-31,111,145,95,80,74,39,18,14,576,129241,
2020-09-01,118,174,123,87,70,43,25,22,662,129903,
2020-09-02,102,168,130,79,74,43,22,17,635,130538,
2020-09-03,116,152,96,80,51,34,23,11,563,131101,
2020-09-04,125,158,119,94,52,47,30,11,636,131737,
2020-09-05,122,150,97,73,53,35,25,19,574,132311,
2020-09-06,110,178,107,84,67,34,11,14,605,132916,
2020-09-07,117,223,118,109,77,47,15,12,718,133634,
2020-09-08,143,244,137,97,105,62,35,17,840,134474,
2020-09-09,157,242,146,129,81,59,19,14,847,135321,
2020-09-10,144,246,135,114,80,54,27,14,814,136135,
2020-09-11,142,218,154,108,89,57,29,20,817,136952,
2020-09-12,163,247,146,105,96,68,28,30,883,137835,
2020-09-13,137,231,149,108,83,57,21,11,797,138632,
2020-09-14,200,287,198,139,116,61,35,9,1045,139677,
2020-09-15,186,362,170,140,104,63,25,21,1071,140748,
2020-09-16,194,316,155,133,116,63,35,34,1046,141794,
2020-09-17,223,258,155,126,111,55,38,22,988,142782,
2020-09-18,211,245,159,132,122,51,29,28,977,143759,
2020-09-19,163,204,156,127,78,46,27,17,818,144577,
2020-09-20,150,190,130,89,86,50,30,19,744,145321,
2020-09-21,161,236,155,114,109,65,16,30,886,146207,
2020-09-22,152,218,166,113,95,63,35,29,871,147078,
2020-09-23,129,204,137,113,83,53,23,20,762,147840,
2020-09-24,113,179,130,91,74,46,18,32,683,148523,
2020-09-25,95,173,112,91,75,49,17,16,628,149151,
2020-09-26,56,129,88,62,47,18,15,9,424,149575,
2020-09-27,35,63,41,45,29,14,5,6,238,149813,
2020-09-28,14,35,22,17,14,14,4,21,141,149954,
2020-09-29,6,5,7,2,3,5,5,3,36,149990,
2020-09-30,0,0,0,0,0,0,0,0,0,149990,
2020-10-01,0,0,0,0,0,0,0,0,0,149990,