date,0-19,20-29,30-39,40-49,50-59,60-69,70-79,80+,new,cumulative-n-age,shaded
2020-01-15,0,0,1,0,0,0,0,0,1,1,14
2020-01-16,0,0,0,0,1,0,0,0,1,2,
2020-01-17,0,0,0,0,0,0,0,0,0,2,
2020-01-18,0,0,1,0,0,0,0,0,1,3,
2020-01-19,0,0,0,0,0,0,0,0,0,3,
2020-01-20,0,0,0,0,0,0,0,0,0,3,
2020-01-21,0,0,0,0,1,0,0,0,1,4,
2020-01-22,0,0,0,1,1,0,0,0,2,6,
2020-01-23,0,0,0,0,0,0,0,0,0,6,
2020-01-24,0,2,0,0,0,0,0,0,2,8,
2020-01-25,0,0,0,0,0,0,0,0,0,8,
2020-01-26,0,0,0,0,0,0,0,0,0,8,
2020-01-27,0,0,0,0,1,0,0,0,1,9,
2020-01-28,0,1,0,0,0,0,0,0,1,10,
2020-01-29,0,0,0,0,0,0,0,0,0,10,
2020-01-30,0,0,0,0,0,0,0,0,0,10,
2020-01-31,0,0,1,0,0,0,0,0,1,11,
2020-02-01,0,0,0,0,1,1,0,0,2,13,
2020-02-02,0,0,1,0,0,0,0,0,1,14,
2020-02-03,0,0,0,0,1,0,0,0,1,15,
2020-02-04,0,0,0,0,0,0,0,2,2,17,
2020-02-05,0,2,0,0,0,0,0,0,2,19,
2020-02-06,0,0,0,0,0,0,0,0,0,19,
2020-02-07,1,0,0,0,0,0,0,0,1,20,
2020-02-08,0,0,0,0,0,0,0,0,0,20,
2020-02-09,0,0,1,0,0,0,0,0,1,21,
2020-02-10,0,0,0,0,0,2,0,0,2,23,
2020-02-11,0,0,0,0,0,0,0,0,0,23,
2020-02-12,0,0,0,0,1,0,0,0,1,24,
2020-02-13,0,0,0,1,0,0,0,0,1,25,
2020-02-14,0,0,2,0,0,1,1,0,4,29,
2020-02-15,1,0,0,1,0,0,0,0,2,31,
2020-02-16,0,0,0,0,0,1,0,0,1,32,
2020-02-17,0,1,0,0,0,1,0,0,2,34,
2020-02-18,0,0,0,1,0,0,0,1,2,36,
2020-02-19,0,1,0,2,0,0,0,0,3,39,
2020-02-20,0,0,2,0,1,1,2,1,7,46,
2020-02-21,0,0,0,1,0,1,0,0,2,48,
2020-02-22,0,0,0,1,1,0,3,0,5,53,
2020-02-23,2,3,1,2,3,4,1,0,16,69,
2020-02-24,1,0,3,1,5,1,3,0,14,83,
2020-02-25,1,1,1,1,3,7,1,0,15,98,
2020-02-26,2,1,1,3,1,4,0,0,12,110,
2020-02-27,1,3,5,2,7,4,1,2,25,135,
2020-02-28,0,1,4,3,5,8,2,12,35,170,
2020-02-29,0,3,3,5,5,7,1,3,27,197,
2020-03-01,0,2,9,7,8,9,7,6,48,245,
2020-03-02,4,3,12,7,9,6,5,2,48,293,
2020-03-03,0,4,7,4,11,17,6,4,53,346,
2020-03-04,3,5,4,8,12,11,6,2,51,397,
2020-03-05,1,6,12,9,12,13,6,4,63,460,
2020-03-06,4,8,15,11,13,15,8,9,83,543,
2020-03-07,6,11,9,16,24,13,5,5,89,632,
2020-03-08,4,14,19,28,34,20,8,4,131,763,
2020-03-09,8,30,38,39,53,33,18,5,224,987,
2020-03-10,12,23,45,37,56,50,22,12,257,1244,
2020-03-11,12,46,50,63,51,38,27,10,297,1541,
2020-03-12,12,52,75,75,74,44,37,14,383,1924,
2020-03-13,28,57,65,90,83,74,42,17,456,2380,
2020-03-14,23,51,60,76,102,79,49,18,458,2838,
2020-03-15,23,74,107,99,115,92,54,35,599,3437,
2020-03-16,38,127,141,153,158,133,58,28,836,4273,
2020-03-17,39,104,160,158,173,116,70,44,864,5137,
2020-03-18,51,156,147,165,174,133,85,45,956,6093,
2020-03-19,43,127,117,145,139,133,71,34,809,6902,
2020-03-20,53,149,163,156,188,174,72,62,1017,7919,
2020-03-21,53,135,150,136,154,136,78,49,891,8810,
2020-03-22,51,134,122,146,167,130,56,59,865,9675,
2020-03-23,56,162,170,164,193,146,84,88,1063,10738,
2020-03-24,61,152,134,151,169,135,83,72,957,11695,
2020-03-25,60,141,137,164,170,117,77,107,973,12668,
2020-03-26,54,114,118,146,180,126,71,97,906,13574,
2020-03-27,45,144,112,162,173,132,76,104,948,14522,
2020-03-28,50,119,139,162,163,115,88,119,955,15477,
2020-03-29,49,113,117,141,149,102,82,110,863,16340,
2020-03-30,58,132,146,212,186,125,89,187,1135,17475,
2020-03-31,43,123,121,166,141,114,91,160,959,18434,
2020-04-01,79,138,175,185,221,155,125,218,1296,19730,
2020-04-02,68,116,133,224,172,112,86,245,1156,20886,
2020-04-03,66,133,161,224,208,143,115,281,1331,22217,
2020-04-04,57,118,152,183,210,105,97,228,1150,23367,
2020-04-05,42,139,132,178,150,106,81,237,1065,24432,
2020-04-06,79,162,197,234,222,137,102,272,1405,25837,
2020-04-07,63,132,164,208,220,114,110,264,1275,27112,
2020-04-08,93,138,190,227,223,112,95,328,1406,28518,
2020-04-09,77,129,191,259,223,132,115,339,1465,29983,
2020-04-10,85,199,219,271,250,160,125,428,1737,31720,
2020-04-11,71,154,186,246,244,148,104,473,1626,33346,
2020-04-12,88,172,196,244,208,132,109,327,1476,34822,
2020-04-13,94,215,230,298,301,190,144,561,2033,36855,
2020-04-14,84,197,229,265,235,160,137,474,1781,38636,
2020-04-15,111,218,236,247,251,174,165,468,1870,40506,
2020-04-16,125,180,213,252,207,182,155,626,1940,42446,
2020-04-17,106,204,227,294,260,155,154,471,1871,44317,
2020-04-18,97,196,207,218,277,150,147,375,1667,45984,
2020-04-19,71,134,166,205,197,93,93,308,1267,47251,
2020-04-20,92,235,234,278,263,177,139,391,1809,49060,
2020-04-21,73,155,200,219,203,126,105,354,1435,50495,
2020-04-22,93,168,195,220,233,124,126,388,1547,52042,
2020-04-23,93,189,210,208,225,162,117,368,1572,53614,
2020-04-24,92,179,238,239,226,120,118,297,1509,55123,
2020-04-25,104,188,183,228,195,128,97,285,1408,56531,
2020-04-26,115,204,197,205,188,113,88,233,1343,57874,
2020-04-27,109,200,216,244,255,162,149,338,1673,59547,
2020-04-28,115,181,212,226,181,149,123,328,1515,61062,
2020-04-29,88,188,202,206,195,143,127,341,1490,62552,
2020-04-30,84,185,180,187,239,138,116,320,1449,64001,
2020-05-01,89,208,238,269,252,118,104,310,1588,65589,
2020-05-02,87,152,164,173,182,80,71,177,1086,66675,
2020-05-03,100,145,142,165,140,93,74,180,1039,67714,
2020-05-04,85,177,152,207,207,106,99,286,1319,69033,
2020-05-05,88,160,156,164,193,85,118,294,1258,70291,
2020-05-06,97,133,148,156,183,101,87,189,1094,71385,
2020-05-07,80,165,152,147,183,110,72,212,1121,72506,
2020-05-08,85,157,184,167,189,88,81,210,1161,73667,
2020-05-09,70,132,129,157,177,97,87,186,1035,74702,
2020-05-10,76,141,138,131,136,89,85,181,977,75679,
2020-05-11,102,184,177,163,187,105,82,231,1231,76910,
2020-05-12,99,174,129,139,160,99,91,195,1086,77996,
2020-05-13,78,140,160,137,173,108,77,221,1094,79090,
2020-05-14,111,153,147,151,146,117,78,253,1156,80246,
2020-05-15,96,184,184,184,171,134,82,237,1272,81518,
2020-05-16,83,144,137,151,182,102,63,134,996,82514,
2020-05-17,81,145,144,151,132,79,59,128,919,83433,
2020-05-18,109,163,160,154,144,86,80,182,1078,84511,
2020-05-19,87,150,124,142,147,75,62,153,940,85451,
2020-05-20,108,180,127,167,144,98,69,202,1095,86546,
2020-05-21,89,159,116,137,115,75,47,132,870,87416,
2020-05-22,87,135,131,135,130,71,57,98,844,88260,
2020-05-23,83,130,90,119,111,66,29,76,704,88964,
2020-05-24,70,100,83,110,104,61,36,79,643,89607,
2020-05-25,90,144,125,117,122,79,50,101,828,90435,
2020-05-26,68,116,122,111,84,70,54,95,720,91155,
2020-05-27,64,114,104,105,104,62,47,113,713,91868,
2020-05-28,53,90,83,82,92,49,42,86,577,92445,
2020-05-29,58,111,112,125,90,67,44,88,695,93140,
2020-05-30,56,109,103,99,71,47,26,48,559,93699,
2020-05-31,60,100,81,57,63,24,23,26,434,94133,
2020-06-01,62,122,117,84,94,51,41,92,663,94796,
2020-06-02,52,95,92,67,75,46,20,50,497,95293,
2020-06-03,79,100,85,62,49,46,20,43,484,95777,
2020-06-04,67,93,63,60,54,42,27,46,452,96229,
2020-06-05,55,100,49,81,66,39,28,27,445,96674,
2020-06-06,44,77,63,46,46,40,22,32,370,97044,
2020-06-07,49,66,57,42,35,21,22,27,319,97363,
2020-06-08,59,79,67,62,53,30,26,30,406,97769,
2020-06-09,45,88,65,41,40,36,30,26,371,98140,
2020-06-10,47,88,73,69,60,37,21,38,433,98573,
2020-06-11,50,67,54,51,55,29,25,29,360,98933,
2020-06-12,54,76,61,52,63,24,26,18,374,99307,
2020-06-13,37,68,48,30,29,17,12,27,268,99575,
2020-06-14,33,81,47,43,38,28,15,17,302,99877,
2020-06-15,57,82,56,53,57,38,20,25,388,100265,
2020-06-16,47,77,59,59,36,36,18,22,354,100619,
2020-06-17,42,83,53,43,43,34,16,27,341,100960,
2020-06-18,30,77,50,45,36,28,15,21,302,101262,
2020-06-19,46,75,58,42,52,25,14,19,331,101593,
2020-06-20,37,61,49,44,39,23,11,17,281,101874,
2020-06-21,30,62,59,34,29,23,15,20,272,102146,
2020-06-22,41,70,60,43,58,27,18,17,334,102480,
2020-06-23,46,67,61,50,45,20,15,14,318,102798,
2020-06-24,41,63,46,36,40,18,15,20,279,103077,
2020-06-25,39,119,68,61,39,24,18,21,389,103466,
2020-06-26,47,61,47,25,31,25,8,17,261,103727,
2020-06-27,41,57,53,29,39,21,13,16,269,103996,
2020-06-28,37,70,55,39,28,18,12,11,270,104266,
2020-06-29,56,58,59,42,38,29,13,22,317,104583,
2020-06-30,43,63,50,47,35,19,19,14,290,104873,
2020-07-01,45,52,39,50,37,27,7,19,276,105149,
2020-07-02,38,47,36,45,32,31,9,15,253,105402,
2020-07-03,39,74,45,28,44,28,11,14,283,105685,
2020-07-04,57,62,36,38,30,36,13,13,285,105970,
2020-07-05,58,61,39,32,34,24,12,8,268,106238,
2020-07-06,63,127,98,54,42,34,29,25,472,106710,
2020-07-07,68,112,70,55,43,37,14,23,422,107132,
2020-07-08,67,106,76,50,52,42,15,19,427,107559,
2020-07-09,64,99,72,58,54,24,13,17,401,107960,
2020-07-10,68,66,60,56,65,37,18,16,386,108346,
2020-07-11,52,118,63,34,32,33,15,17,364,108710,
2020-07-12,31,149,75,38,39,24,11,13,380,109090,
2020-07-13,71,182,108,63,77,50,21,27,599,109689,
2020-07-14,63,175,94,75,54,39,15,11,526,110215,
2020-07-15,56,167,103,83,67,35,13,23,547,110762,
2020-07-16,58,146,65,60,49,24,16,26,444,111206,
2020-07-17,67,127,96,61,62,33,12,18,476,111682,
2020-07-18,61,117,62,48,55,28,13,14,398,112080,
2020-07-19,60,104,45,53,44,32,18,16,372,112452,
2020-07-20,80,137,87,75,64,31,25,20,519,112971,
2020-07-21,89,148,78,59,41,32,12,22,481,113452,
2020-07-22,85,129,73,39,46,26,15,19,432,113884,
2020-07-23,84,89,62,49,47,31,21,15,398,114282,
2020-07-24,80,83,67,57,49,34,21,9,400,114682,
2020-07-25,48,74,55,37,38,25,13,4,294,114976,
2020-07-26,70,66,65,36,36,19,10,5,307,115283,
2020-07-27,81,136,72,49,44,30,17,14,443,115726,
2020-07-28,66,87,62,48,39,25,10,18,355,116081,
2020-07-29,72,89,79,57,34,17,11,8,367,116448,
2020-07-30,44,85,57,36,42,22,5,8,299,116747,
2020-07-31,52,64,59,48,31,22,15,9,300,117047,
2020-08-01,53,95,47,43,30,18,11,8,305,117352,
2020-08-02,56,71,52,37,32,23,8,7,286,117638,
2020-08-03,68,98,79,44,49,24,11,5,378,118016,
2020-08-04,58,110,66,51,56,24,11,11,387,118403,
2020-08-05,58,89,72,59,37,24,14,2,355,118758,
2020-08-06,43,88,58,43,42,20,12,14,320,119078,
2020-08-07,60,91,77,50,33,19,13,8,351,119429,
2020-08-08,52,69,68,44,42,16,12,7,310,119739,
2020-08-09,41,93,65,40,25,22,13,3,302,120041,
2020-08-10,63,101,86,48,37,30,20,10,395,120436,
2020-08-11,61,114,72,35,45,35,23,7,392,120828,
2020-08-12,62,92,64,49,46,28,16,6,363,121191,
2020-08-13,83,95,59,46,34,14,12,7,350,121541,
2020-08-14,38,89,62,57,38,18,10,10,322,121863,
2020-08-15,57,78,65,49,34,25,20,6,334,122197,
2020-08-16,42,87,71,54,47,25,13,15,354,122551,
2020-08-17,70,146,84,74,49,31,17,7,478,123029,
2020-08-18,68,108,72,52,39,19,16,7,381,123410,
2020-08-19,84,91,67,50,41,22,27,14,396,123806,
2020-08-20,75,86,78,52,50,21,25,10,397,124203,
2020-08-21,60,91,77,60,28,41,16,9,382,124585,
2020-08-22,65,103,58,63,41,30,9,11,380,124965,
2020-08-23,58,84,68,65,42,28,10,16,371,125336,
2020-08-24,105,124,84,68,67,40,23,13,524,125860,
2020-08-25,93,140,100,77,55,45,24,16,550,126410,
2020-08-26,97,122,92,88,58,37,16,12,522,126932,
2020-08-27,58,88,82,82,55,23,22,16,426,127358,
2020-08-28,106,115,74,81,44,49,29,13,511,127869,
2020-08-29,60,92,79,52,58,36,15,9,401,128270,
2020-08-30,77,115,112,61,52,41,29,4,491,128761,
2020-08-31,112,146,95,81,74,39,19,14,580,129341,
2020-09-01,121,175,122,88,71,44,25,21,667,130008,
2020-09-02,102,168,131,81,75,44,22,17,640,130648,
2020-09-03,117,152,98,80,54,35,23,11,570,131218,
2020-09-04,127,163,123,95,52,48,32,12,652,131870,
2020-09-05,124,153,98,75,54,36,26,19,585,132455,
2020-09-06,111,180,108,85,67,35,12,14,612,133067,
2020-09-07,123,226,117,111,79,49,17,13,735,133802,
2020-09-08,150,243,142,100,110,67,38,18,868,134670,
2020-09-09,160,248,149,131,82,60,22,14,866,135536,
2020-09-10,150,253,137,119,81,57,27,16,840,136376,
2020-09-11,149,227,154,112,92,59,29,21,843,137219,
2020-09-12,162,257,151,110,100,67,31,31,909,138128,
2020-09-13,147,239,151,111,92,62,20,17,839,138967,
2020-09-14,218,312,210,147,120,68,41,11,1127,140094,
2020-09-15,212,382,189,153,112,74,33,26,1181,141275,
2020-09-16,209,353,169,149,130,72,40,39,1161,142436,
2020-09-17,243,272,181,145,129,64,45,26,1105,143541,
2020-09-18,266,294,188,168,147,58,33,28,1182,144723,
2020-09-19,223,269,198,171,113,69,41,24,1108,145831,
2020-09-20,209,272,200,139,141,84,43,29,1117,146948,
2020-09-21,281,369,260,204,175,106,42,44,1481,148429,
2020-09-22,248,360,282,188,168,108,57,32,1443,149872,
2020-09-23,249,349,256,204,184,113,45,42,1442,151314,
2020-09-24,249,339,285,225,188,108,44,52,1490,152804,
2020-09-25,300,384,250,217,213,126,59,54,1603,154407,
2020-09-26,256,327,232,233,189,111,49,39,1436,155843,
2020-09-27,257,306,267,231,180,109,55,55,1460,157303,
2020-09-28,327,430,331,258,221,136,59,91,1853,159156,
2020-09-29,273,395,294,233,205,111,59,57,1627,160783,
2020-09-30,257,371,308,238,201,132,38,44,1589,162372,
2020-10-01,282,309,245,222,206,136,57,47,1504,163876,
2020-10-02,268,298,266,232,193,126,66,68,1517,165393,
2020-10-03,224,289,225,195,170,119,41,34,1297,166690,
2020-10-04,238,282,222,177,159,95,57,31,1261,167951,
2020-10-05,245,344,278,206,216,122,67,49,1527,169478,
2020-10-06,246,301,240,218,169,110,52,71,1407,170885,
2020-10-07,233,279,228,177,191,89,61,47,1305,172190,
2020-10-08,194,208,182,159,172,97,42,34,1088,173278,
2020-10-09,170,205,179,168,164,77,43,57,1063,174341,
2020-10-10,158,183,147,160,128,83,30,41,930,175271,
2020-10-11,135,166,123,123,94,68,29,24,762,176033,
2020-10-12,113,172,121,109,121,67,27,26,756,176789,
2020-10-13,133,184,129,124,117,66,29,39,821,177610,
2020-10-14,117,175,140,88,110,55,18,18,721,178331,
2020-10-15,110,150,118,106,102,48,27,30,691,179022,
2020-10-16,112,146,94,87,91,44,22,29,625,179647,
2020-10-17,63,117,78,46,84,36,19,28,471,180118,
2020-10-18,52,96,78,46,74,29,16,17,408,180526,
2020-10-19,82,85,58,54,84,43,16,22,444,180970,
2020-10-20,10,27,12,13,17,13,7,2,101,181071,
2020-10-21,0,0,2,0,0,0,0,0,2,181073,
2020-10-22,0,0,0,0,0,0,0,0,0,181073,