date,0-19,20-29,30-39,40-49,50-59,60-69,70-79,80+,new,cumulative-n-age,shaded
2020-01-15,0,0,1,0,0,0,0,0,1,1,14
2020-01-16,0,0,0,0,1,0,0,0,1,2,
2020-01-17,0,0,0,0,0,0,0,0,0,2,
2020-01-18,0,0,0,0,0,0,0,0,0,2,
2020-01-19,0,0,0,0,0,0,0,0,0,2,
2020-01-20,0,0,0,0,0,0,0,0,0,2,
2020-01-21,0,0,0,0,1,0,0,0,1,3,
2020-01-22,0,0,0,1,1,0,0,0,2,5,
2020-01-23,0,0,0,0,0,0,0,0,0,5,
2020-01-24,0,2,0,0,0,0,0,0,2,7,
2020-01-25,0,0,0,0,0,0,0,0,0,7,
2020-01-26,0,1,0,0,0,0,0,0,1,8,
2020-01-27,0,0,0,0,1,0,0,0,1,9,
2020-01-28,0,1,0,1,0,0,0,0,2,11,
2020-01-29,0,0,0,0,0,0,0,0,0,11,
2020-01-30,0,0,0,0,0,0,0,0,0,11,
2020-01-31,0,0,2,0,0,0,0,0,2,13,
2020-02-01,0,0,0,0,1,1,0,0,2,15,
2020-02-02,0,1,1,0,0,0,0,0,2,17,
2020-02-03,0,0,0,0,1,0,0,0,1,18,
2020-02-04,0,0,0,0,0,0,0,2,2,20,
2020-02-05,0,2,0,0,0,0,0,0,2,22,
2020-02-06,0,0,0,0,0,0,0,0,0,22,
2020-02-07,1,0,0,0,0,0,0,0,1,23,
2020-02-08,0,0,0,0,0,0,0,0,0,23,
2020-02-09,0,0,2,0,0,0,0,0,2,25,
2020-02-10,0,0,0,0,0,2,0,0,2,27,
2020-02-11,0,0,0,0,0,0,0,1,1,28,
2020-02-12,0,0,0,0,1,0,0,0,1,29,
2020-02-13,0,0,0,1,0,0,0,0,1,30,
2020-02-14,0,0,2,0,0,1,1,0,4,34,
2020-02-15,1,0,0,1,0,0,0,0,2,36,
2020-02-16,0,0,0,0,0,1,0,0,1,37,
2020-02-17,0,1,0,0,0,1,0,0,2,39,
2020-02-18,0,0,0,1,0,0,0,1,2,41,
2020-02-19,0,1,0,2,0,0,0,0,3,44,
2020-02-20,0,0,2,0,1,1,2,1,7,51,
2020-02-21,0,0,0,1,0,1,0,0,2,53,
2020-02-22,0,0,0,1,1,0,3,0,5,58,
2020-02-23,2,3,1,2,3,4,1,0,16,74,
2020-02-24,1,0,3,1,5,1,3,0,14,88,
2020-02-25,1,1,1,1,3,7,1,0,15,103,
2020-02-26,2,1,1,3,1,4,0,0,12,115,
2020-02-27,1,3,5,2,7,4,1,2,25,140,
2020-02-28,0,1,4,3,5,8,2,12,35,175,
2020-02-29,0,3,3,5,5,7,1,3,27,202,
2020-03-01,1,2,9,7,8,9,7,6,49,251,
2020-03-02,4,3,12,7,9,5,5,2,47,298,
2020-03-03,0,4,7,4,11,17,6,4,53,351,
2020-03-04,3,6,4,8,12,11,6,2,52,403,
2020-03-05,1,6,12,9,12,13,6,4,63,466,
2020-03-06,4,8,15,11,13,15,8,9,83,549,
2020-03-07,6,11,9,16,24,13,5,5,89,638,
2020-03-08,4,14,19,28,34,20,8,4,131,769,
2020-03-09,8,30,38,39,53,33,18,5,224,993,
2020-03-10,13,23,46,38,56,50,22,12,260,1253,
2020-03-11,12,46,49,62,51,38,27,11,296,1549,
2020-03-12,11,53,75,77,76,44,38,14,388,1937,
2020-03-13,29,58,66,89,81,75,41,17,456,2393,
2020-03-14,23,51,61,77,103,82,50,18,465,2858,
2020-03-15,23,75,108,99,115,90,53,36,599,3457,
2020-03-16,38,123,141,154,158,132,58,27,831,4288,
2020-03-17,43,111,160,157,175,119,70,44,879,5167,
2020-03-18,48,151,146,168,173,133,85,45,949,6116,
2020-03-19,42,127,116,141,139,133,73,34,805,6921,
2020-03-20,53,153,162,157,189,177,69,61,1021,7942,
2020-03-21,53,131,151,136,151,132,79,49,882,8824,
2020-03-22,51,133,122,145,170,131,56,59,867,9691,
2020-03-23,57,161,173,163,193,146,82,89,1064,10755,
2020-03-24,61,153,133,152,167,133,83,71,953,11708,
2020-03-25,59,142,136,164,167,119,76,106,969,12677,
2020-03-26,55,111,118,145,184,127,73,98,911,13588,
2020-03-27,45,145,114,163,170,128,76,104,945,14533,
2020-03-28,49,119,137,163,163,115,85,118,949,15482,
2020-03-29,49,113,115,140,149,102,82,110,860,16342,
2020-03-30,58,129,147,211,186,124,91,187,1133,17475,
2020-03-31,43,124,122,167,141,114,91,162,964,18439,
2020-04-01,79,136,171,185,219,155,124,216,1285,19724,
2020-04-02,68,118,135,225,174,113,86,243,1162,20886,
2020-04-03,66,132,161,224,206,143,114,281,1327,22213,
2020-04-04,57,119,152,182,209,104,96,228,1147,23360,
2020-04-05,44,139,133,178,150,106,81,237,1068,24428,
2020-04-06,77,162,196,233,222,136,104,269,1399,25827,
2020-04-07,63,131,163,208,220,114,109,265,1273,27100,
2020-04-08,93,140,192,227,222,112,95,328,1409,28509,
2020-04-09,76,127,190,258,223,131,116,338,1459,29968,
2020-04-10,85,201,221,272,251,161,124,426,1741,31709,
2020-04-11,70,154,186,246,244,148,104,472,1624,33333,
2020-04-12,89,175,196,243,209,131,109,325,1477,34810,
2020-04-13,93,214,233,299,299,192,145,562,2037,36847,
2020-04-14,84,196,229,261,242,160,138,474,1784,38631,
2020-04-15,112,220,237,249,246,173,162,469,1868,40499,
2020-04-16,124,177,208,255,208,184,157,626,1939,42438,
2020-04-17,106,202,230,295,260,154,153,468,1868,44306,
2020-04-18,97,196,206,215,274,150,148,378,1664,45970,
2020-04-19,72,135,171,207,199,96,92,306,1278,47248,
2020-04-20,91,238,229,277,261,171,134,388,1789,49037,
2020-04-21,75,150,201,219,206,127,105,356,1439,50476,
2020-04-22,92,168,194,219,233,125,129,387,1547,52023,
2020-04-23,93,192,209,208,225,163,118,368,1576,53599,
2020-04-24,91,178,238,242,228,119,117,296,1509,55108,
2020-04-25,104,185,181,228,192,129,97,284,1400,56508,
2020-04-26,114,206,196,205,189,117,89,234,1350,57858,
2020-04-27,110,202,215,242,257,160,150,338,1674,59532,
2020-04-28,116,179,215,230,187,150,123,329,1529,61061,
2020-04-29,88,190,202,206,192,142,128,344,1492,62553,
2020-04-30,84,177,178,187,239,139,119,318,1441,63994,
2020-05-01,88,213,240,267,250,118,102,314,1592,65586,
2020-05-02,89,153,160,168,181,80,69,175,1075,66661,
2020-05-03,97,145,141,167,144,94,76,181,1045,67706,
2020-05-04,86,180,153,208,208,109,98,284,1326,69032,
2020-05-05,88,158,156,163,195,83,119,294,1256,70288,
2020-05-06,95,132,149,154,177,102,88,194,1091,71379,
2020-05-07,80,166,148,149,182,111,73,214,1123,72502,
2020-05-08,84,156,183,162,189,86,81,206,1147,73649,
2020-05-09,71,136,129,158,174,97,88,187,1040,74689,
2020-05-10,77,139,137,133,139,89,84,187,985,75674,
2020-05-11,98,184,177,162,187,104,84,228,1224,76898,
2020-05-12,99,174,129,138,161,102,91,204,1098,77996,
2020-05-13,78,144,160,137,172,107,73,216,1087,79083,
2020-05-14,111,154,155,153,146,120,81,255,1175,80258,
2020-05-15,93,181,178,182,173,136,85,250,1278,81536,
2020-05-16,86,146,135,156,182,98,61,121,985,82521,
2020-05-17,78,142,148,148,136,81,56,128,917,83438,
2020-05-18,110,165,157,154,143,85,84,179,1077,84515,
2020-05-19,89,153,131,147,147,72,56,149,944,85459,
2020-05-20,103,179,123,171,141,102,70,205,1094,86553,
2020-05-21,93,151,119,127,116,74,46,130,856,87409,
2020-05-22,87,136,130,139,131,68,59,100,850,88259,
2020-05-23,79,134,95,124,110,66,28,78,714,88973,
2020-05-24,70,98,83,106,106,66,36,80,645,89618,
2020-05-25,89,146,126,119,117,76,52,104,829,90447,
2020-05-26,73,115,119,114,89,74,51,90,725,91172,
2020-05-27,60,111,101,97,106,60,47,110,692,91864,
2020-05-28,54,98,86,83,90,49,39,85,584,92448,
2020-05-29,58,103,108,128,90,68,44,91,690,93138,
2020-05-30,57,113,105,94,70,44,26,39,548,93686,
2020-05-31,64,98,92,64,75,32,25,33,483,94169,
2020-06-01,60,119,107,78,85,44,37,82,612,94781,
2020-06-02,49,96,90,64,75,51,21,49,495,95276,
2020-06-03,83,105,88,71,48,45,19,50,509,95785,
2020-06-04,65,88,57,54,55,42,31,42,434,96219,
2020-06-05,55,98,51,78,61,36,26,25,430,96649,
2020-06-06,46,78,65,49,48,39,24,39,388,97037,
2020-06-07,51,70,60,43,39,24,19,20,326,97363,
2020-06-08,52,75,63,60,49,28,29,37,393,97756,
2020-06-09,46,84,65,42,41,37,26,19,360,98116,
2020-06-10,47,87,71,67,59,35,21,34,421,98537,
2020-06-11,50,67,54,52,55,29,26,30,363,98900,
2020-06-12,55,76,61,49,63,24,24,19,371,99271,
2020-06-13,37,67,50,32,31,17,12,28,274,99545,
2020-06-14,34,81,46,42,39,29,16,17,304,99849,
2020-06-15,57,82,56,55,56,37,19,26,388,100237,
2020-06-16,48,79,59,58,36,36,18,20,354,100591,
2020-06-17,43,85,55,43,44,34,16,26,346,100937,
2020-06-18,31,78,51,49,36,29,14,22,310,101247,
2020-06-19,44,74,58,41,52,26,14,19,328,101575,
2020-06-20,39,63,48,43,42,23,10,17,285,101860,
2020-06-21,30,61,60,35,30,23,15,21,275,102135,
2020-06-22,43,70,61,42,57,27,17,17,334,102469,
2020-06-23,46,67,58,51,46,20,15,14,317,102786,
2020-06-24,40,64,46,36,39,18,15,20,278,103064,
2020-06-25,39,120,69,61,37,23,18,21,388,103452,
2020-06-26,47,60,48,25,31,25,8,19,263,103715,
2020-06-27,42,57,53,29,39,21,13,15,269,103984,
2020-06-28,37,72,55,40,27,17,13,13,274,104258,
2020-06-29,56,57,61,42,38,29,12,21,316,104574,
2020-06-30,45,64,50,47,36,19,19,14,294,104868,
2020-07-01,45,50,39,51,37,27,7,20,276,105144,
2020-07-02,37,49,36,46,33,32,9,15,257,105401,
2020-07-03,40,75,45,28,44,27,11,14,284,105685,
2020-07-04,56,61,35,41,31,37,14,13,288,105973,
2020-07-05,60,62,41,31,34,24,12,9,273,106246,
2020-07-06,63,126,99,57,42,35,30,22,474,106720,
2020-07-07,69,113,69,53,44,36,12,24,420,107140,
2020-07-08,67,108,77,49,51,42,16,19,429,107569,
2020-07-09,64,96,71,61,57,25,11,17,402,107971,
2020-07-10,71,68,62,59,67,36,18,17,398,108369,
2020-07-11,51,122,64,34,32,33,16,17,369,108738,
2020-07-12,32,149,75,37,42,25,11,13,384,109122,
2020-07-13,72,180,111,65,73,49,21,27,598,109720,
2020-07-14,64,179,96,77,57,39,15,13,540,110260,
2020-07-15,57,173,100,83,65,35,13,21,547,110807,
2020-07-16,57,149,66,61,50,24,16,26,449,111256,
2020-07-17,68,128,97,59,62,37,13,18,482,111738,
2020-07-18,61,115,62,48,56,27,14,14,397,112135,
2020-07-19,61,104,46,55,46,33,18,15,378,112513,
2020-07-20,81,138,86,75,65,31,24,20,520,113033,
2020-07-21,89,151,79,59,41,31,12,22,484,113517,
2020-07-22,87,130,77,41,46,26,16,20,443,113960,
2020-07-23,86,94,62,48,47,32,19,14,402,114362,
2020-07-24,83,85,71,59,51,34,21,9,413,114775,
2020-07-25,51,76,57,39,39,24,13,5,304,115079,
2020-07-26,74,71,62,42,37,22,11,7,326,115405,
2020-07-27,79,142,81,47,47,30,17,18,461,115866,
2020-07-28,67,93,66,56,47,32,13,21,395,116261,
2020-07-29,75,96,79,55,37,15,12,10,379,116640,
2020-07-30,50,95,63,43,43,25,5,7,331,116971,
2020-07-31,55,69,61,48,33,22,16,11,315,117286,
2020-08-01,57,100,52,43,30,19,12,8,321,117607,
2020-08-02,60,88,59,37,35,26,9,9,323,117930,
2020-08-03,79,110,83,49,54,28,12,9,424,118354,
2020-08-04,64,109,72,56,61,25,13,11,411,118765,
2020-08-05,59,93,72,60,39,23,17,3,366,119131,
2020-08-06,49,91,67,50,41,23,12,15,348,119479,
2020-08-07,64,92,83,48,41,21,15,10,374,119853,
2020-08-08,52,74,69,48,37,17,15,7,319,120172,
2020-08-09,44,96,60,35,30,22,12,6,305,120477,
2020-08-10,68,104,95,52,38,31,21,17,426,120903,
2020-08-11,67,125,78,42,50,40,26,13,441,121344,
2020-08-12,60,86,63,50,46,26,18,7,356,121700,
2020-08-13,90,101,64,53,37,14,14,10,383,122083,
2020-08-14,43,94,66,55,43,24,12,10,347,122430,
2020-08-15,55,83,64,57,40,21,20,9,349,122779,
2020-08-16,47,93,71,50,49,30,12,15,367,123146,
2020-08-17,74,146,88,71,46,29,20,14,488,123634,
2020-08-18,79,107,73,55,37,17,18,10,396,124030,
2020-08-19,83,98,66,53,45,27,28,17,417,124447,
2020-08-20,78,89,82,54,50,22,27,10,412,124859,
2020-08-21,68,95,73,66,26,40,17,9,394,125253,
2020-08-22,72,101,58,65,41,32,10,13,392,125645,
2020-08-23,53,92,69,62,47,32,13,15,383,126028,
2020-08-24,111,120,85,70,67,43,25,14,535,126563,
2020-08-25,105,149,102,80,55,43,24,17,575,127138,
2020-08-26,92,124,98,90,61,40,18,12,535,127673,
2020-08-27,64,92,81,81,58,29,24,20,449,128122,
2020-08-28,119,114,80,82,47,51,29,12,534,128656,
2020-08-29,63,100,83,57,59,35,18,9,424,129080,
2020-08-30,83,121,115,61,61,42,27,6,516,129596,
2020-08-31,119,153,97,86,78,38,22,18,611,130207,
2020-09-01,133,179,132,93,78,46,28,24,713,130920,
2020-09-02,113,179,132,86,78,46,22,18,674,131594,
2020-09-03,126,152,104,86,61,39,28,14,610,132204,
2020-09-04,138,172,127,97,54,46,33,20,687,132891,
2020-09-05,131,155,104,85,56,40,33,41,645,133536,
2020-09-06,121,190,111,85,72,40,12,25,656,134192,
2020-09-07,130,229,124,115,80,52,21,19,770,134962,
2020-09-08,162,258,151,105,115,74,42,22,929,135891,
2020-09-09,189,259,155,139,89,64,27,25,947,136838,
2020-09-10,167,264,145,124,91,61,30,18,900,137738,
2020-09-11,163,243,161,113,96,62,36,27,901,138639,
2020-09-12,182,263,158,114,106,70,35,35,963,139602,
2020-09-13,167,263,165,119,99,73,24,33,943,140545,
2020-09-14,238,325,226,153,127,76,44,19,1208,141753,
2020-09-15,247,415,195,167,115,84,39,37,1299,143052,
2020-09-16,243,379,182,163,148,87,43,46,1291,144343,
2020-09-17,272,300,196,159,145,71,48,31,1222,145565,
2020-09-18,317,328,201,188,159,69,41,47,1350,146915,
2020-09-19,253,296,221,185,123,78,53,30,1239,148154,
2020-09-20,248,302,223,157,156,92,53,36,1267,149421,
2020-09-21,328,426,303,245,208,130,59,58,1757,151178,
2020-09-22,311,449,320,239,217,140,74,52,1802,152980,
2020-09-23,331,442,311,242,220,138,63,65,1812,154792,
2020-09-24,324,422,334,290,224,141,55,68,1858,156650,
2020-09-25,369,477,325,259,255,156,90,80,2011,158661,
2020-09-26,319,402,292,275,228,137,63,78,1794,160455,
2020-09-27,339,410,325,278,240,152,87,77,1908,162363,
2020-09-28,415,543,398,319,282,173,86,146,2362,164725,
2020-09-29,372,541,371,311,265,158,105,95,2218,166943,
2020-09-30,367,503,396,311,272,179,72,109,2209,169152,
2020-10-01,398,440,330,294,278,187,92,76,2095,171247,
2020-10-02,366,393,352,324,269,185,99,93,2081,173328,
2020-10-03,310,408,299,280,233,155,57,52,1794,175122,
2020-10-04,358,402,323,272,232,142,84,51,1864,176986,
2020-10-05,409,491,395,332,303,196,117,94,2337,179323,
2020-10-06,378,465,366,331,291,184,82,112,2209,181532,
2020-10-07,389,430,364,300,277,159,120,150,2189,183721,
2020-10-08,400,338,323,320,314,197,101,139,2132,185853,
2020-10-09,374,401,358,358,326,179,93,132,2221,188074,
2020-10-10,357,358,324,325,293,181,76,92,2006,190080,
2020-10-11,377,360,291,268,256,150,79,85,1866,191946,
2020-10-12,419,424,326,334,325,194,97,110,2229,194175,
2020-10-13,476,495,378,358,366,193,106,149,2521,196696,
2020-10-14,430,494,412,382,314,189,109,112,2442,199138,
2020-10-15,494,486,352,378,306,176,139,134,2465,201603,
2020-10-16,485,477,373,386,331,201,122,168,2543,204146,
2020-10-17,422,472,355,319,339,199,79,104,2289,206435,
2020-10-18,389,427,356,316,334,175,89,123,2209,208644,
2020-10-19,577,533,415,428,382,206,116,152,2809,211453,
2020-10-20,493,492,457,390,365,231,104,149,2681,214134,
2020-10-21,480,525,427,417,372,201,111,171,2704,216838,
2020-10-22,504,510,410,402,323,218,107,145,2619,219457,
2020-10-23,496,527,426,389,348,214,110,147,2657,222114,
2020-10-24,456,463,407,373,362,209,98,106,2474,224588,
2020-10-25,497,404,382,384,379,198,111,134,2489,227077,
2020-10-26,610,566,475,473,382,254,152,205,3117,230194,
2020-10-27,555,580,488,430,412,224,139,212,3040,233234,
2020-10-28,569,622,487,458,438,255,153,259,3241,236475,
2020-10-29,502,510,457,406,383,225,134,167,2784,239259,
2020-10-30,577,540,454,439,457,233,133,146,2979,242238,
2020-10-31,523,537,497,431,377,188,107,129,2789,245027,
2020-11-01,477,517,428,401,298,212,109,114,2556,247583,
2020-11-02,687,673,565,507,421,277,170,251,3551,251134,
2020-11-03,598,652,522,520,377,250,132,199,3250,254384,
2020-11-04,627,589,478,443,387,226,148,190,3088,257472,
2020-11-05,535,524,428,436,346,210,135,189,2803,260275,
2020-11-06,499,504,400,386,371,234,126,231,2751,263026,
2020-11-07,366,383,328,321,259,144,86,159,2046,265072,
2020-11-08,235,266,192,189,153,103,56,52,1246,266318,
2020-11-09,183,213,166,165,162,118,54,76,1137,267455,
2020-11-10,176,223,169,147,160,91,52,47,1065,268520,
2020-11-11,127,189,140,123,137,90,44,38,888,269408,
2020-11-12,52,60,66,48,34,23,12,11,306,269714,
2020-11-13,0,0,0,0,0,0,0,0,0,269714,
2020-11-14,0,0,0,0,0,0,0,0,0,269714,