date,0-19,20-29,30-39,40-49,50-59,60-69,70-79,80+,new,cumulative-n-age,shaded
2020-01-15,0,0,1,0,0,0,0,0,1,1,14
2020-01-16,0,0,0,0,1,0,0,0,1,2,
2020-01-17,0,0,0,0,0,0,0,0,0,2,
2020-01-18,0,0,0,0,0,0,0,0,0,2,
2020-01-19,0,0,0,0,0,0,0,0,0,2,
2020-01-20,0,0,0,0,0,0,0,0,0,2,
2020-01-21,0,0,0,0,1,0,0,0,1,3,
2020-01-22,0,0,0,1,1,0,0,0,2,5,
2020-01-23,0,0,0,0,0,0,0,0,0,5,
2020-01-24,0,2,0,0,0,0,0,0,2,7,
2020-01-25,0,0,0,0,0,0,0,0,0,7,
2020-01-26,0,0,0,0,0,0,0,0,0,7,
2020-01-27,0,0,0,0,1,0,0,0,1,8,
2020-01-28,0,1,0,0,0,0,0,0,1,9,
2020-01-29,0,0,0,0,0,0,0,0,0,9,
2020-01-30,0,0,0,0,0,0,0,0,0,9,
2020-01-31,0,0,1,0,0,0,0,0,1,10,
2020-02-01,0,0,0,0,1,1,0,0,2,12,
2020-02-02,0,0,0,0,0,0,0,0,0,12,
2020-02-03,0,0,0,0,1,0,0,0,1,13,
2020-02-04,0,0,0,0,0,0,0,2,2,15,
2020-02-05,0,2,0,0,0,0,0,0,2,17,
2020-02-06,0,0,0,0,0,0,0,0,0,17,
2020-02-07,1,0,0,0,0,0,0,0,1,18,
2020-02-08,0,0,0,0,0,0,0,0,0,18,
2020-02-09,0,0,1,0,0,0,0,0,1,19,
2020-02-10,0,0,0,0,0,2,0,0,2,21,
2020-02-11,0,0,0,0,0,0,0,0,0,21,
2020-02-12,0,0,0,0,1,0,0,0,1,22,
2020-02-13,0,0,0,1,0,0,0,0,1,23,
2020-02-14,0,0,2,0,0,1,1,0,4,27,
2020-02-15,1,0,0,1,0,0,0,0,2,29,
2020-02-16,0,0,0,0,0,1,0,0,1,30,
2020-02-17,0,1,0,0,0,1,0,0,2,32,
2020-02-18,0,0,0,1,0,0,0,1,2,34,
2020-02-19,0,1,0,2,0,0,0,0,3,37,
2020-02-20,0,0,2,0,1,1,2,1,7,44,
2020-02-21,0,0,0,1,0,1,0,0,2,46,
2020-02-22,0,0,0,1,1,0,3,0,5,51,
2020-02-23,2,3,1,2,3,4,1,0,16,67,
2020-02-24,1,0,3,1,5,1,3,0,14,81,
2020-02-25,1,1,1,1,3,7,1,0,15,96,
2020-02-26,2,1,1,3,1,4,0,0,12,108,
2020-02-27,1,3,5,2,7,4,1,2,25,133,
2020-02-28,0,1,4,3,5,8,2,12,35,168,
2020-02-29,0,3,3,5,5,7,1,3,27,195,
2020-03-01,0,2,9,7,8,8,7,6,47,242,
2020-03-02,4,3,12,7,9,6,5,2,48,290,
2020-03-03,0,4,7,4,11,17,6,4,53,343,
2020-03-04,3,5,4,8,12,11,6,2,51,394,
2020-03-05,1,6,12,9,12,13,6,4,63,457,
2020-03-06,4,8,15,11,13,15,8,9,83,540,
2020-03-07,6,11,9,16,24,13,5,5,89,629,
2020-03-08,4,14,19,28,34,20,8,4,131,760,
2020-03-09,8,30,38,39,53,33,18,5,224,984,
2020-03-10,12,23,45,37,56,50,22,12,257,1241,
2020-03-11,12,46,50,63,51,38,27,10,297,1538,
2020-03-12,12,52,75,75,74,44,37,14,383,1921,
2020-03-13,28,57,65,90,83,74,42,17,456,2377,
2020-03-14,23,51,60,76,102,79,49,18,458,2835,
2020-03-15,23,74,107,99,115,92,54,35,599,3434,
2020-03-16,38,128,141,153,158,132,58,28,836,4270,
2020-03-17,39,104,160,158,173,116,70,44,864,5134,
2020-03-18,51,156,148,165,174,133,85,45,957,6091,
2020-03-19,43,127,117,145,139,133,71,34,809,6900,
2020-03-20,53,149,163,156,188,174,71,62,1016,7916,
2020-03-21,54,135,150,136,154,136,78,49,892,8808,
2020-03-22,51,134,122,146,167,129,56,59,864,9672,
2020-03-23,57,162,169,164,193,146,84,88,1063,10735,
2020-03-24,61,153,134,151,168,135,83,72,957,11692,
2020-03-25,60,140,137,164,169,117,77,107,971,12663,
2020-03-26,54,114,118,146,181,126,71,97,907,13570,
2020-03-27,45,144,112,162,173,132,76,104,948,14518,
2020-03-28,50,119,139,162,163,115,88,119,955,15473,
2020-03-29,49,113,117,141,150,103,82,110,865,16338,
2020-03-30,58,131,146,212,186,125,90,187,1135,17473,
2020-03-31,43,123,121,166,141,114,91,160,959,18432,
2020-04-01,79,138,175,185,222,155,125,218,1297,19729,
2020-04-02,68,116,133,226,172,111,86,245,1157,20886,
2020-04-03,66,133,161,224,207,144,115,281,1331,22217,
2020-04-04,57,119,151,183,211,105,97,228,1151,23368,
2020-04-05,42,139,132,178,150,105,81,237,1064,24432,
2020-04-06,79,161,199,236,222,137,102,272,1408,25840,
2020-04-07,63,132,164,208,219,114,110,264,1274,27114,
2020-04-08,93,138,190,227,223,112,95,328,1406,28520,
2020-04-09,78,129,190,258,223,131,115,339,1463,29983,
2020-04-10,85,199,219,271,251,158,125,428,1736,31719,
2020-04-11,71,155,186,246,244,148,104,472,1626,33345,
2020-04-12,88,172,196,245,207,131,108,326,1473,34818,
2020-04-13,94,215,230,299,304,195,145,564,2046,36864,
2020-04-14,84,198,229,265,237,161,139,477,1790,38654,
2020-04-15,111,218,236,248,251,174,164,470,1872,40526,
2020-04-16,125,180,213,251,206,182,155,623,1935,42461,
2020-04-17,106,204,227,295,260,155,154,469,1870,44331,
2020-04-18,97,196,207,219,277,149,146,373,1664,45995,
2020-04-19,71,134,166,205,197,93,93,308,1267,47262,
2020-04-20,92,235,234,279,263,178,139,391,1811,49073,
2020-04-21,74,155,200,219,203,126,105,354,1436,50509,
2020-04-22,93,168,195,220,233,124,126,388,1547,52056,
2020-04-23,93,190,210,208,225,162,117,368,1573,53629,
2020-04-24,92,179,238,239,227,120,118,297,1510,55139,
2020-04-25,104,189,183,228,195,129,97,285,1410,56549,
2020-04-26,115,204,197,205,188,113,88,233,1343,57892,
2020-04-27,109,200,216,244,255,160,150,337,1671,59563,
2020-04-28,115,181,212,226,181,149,123,329,1516,61079,
2020-04-29,88,188,202,206,195,144,127,341,1491,62570,
2020-04-30,84,185,180,187,239,138,116,320,1449,64019,
2020-05-01,89,208,238,269,251,118,104,310,1587,65606,
2020-05-02,87,152,164,173,182,80,73,176,1087,66693,
2020-05-03,100,145,142,165,140,93,73,180,1038,67731,
2020-05-04,85,178,152,207,207,106,99,287,1321,69052,
2020-05-05,88,160,156,164,193,85,118,294,1258,70310,
2020-05-06,97,133,148,155,183,101,86,189,1092,71402,
2020-05-07,80,165,152,148,184,115,73,217,1134,72536,
2020-05-08,84,157,184,167,189,88,82,210,1161,73697,
2020-05-09,71,133,129,157,177,94,87,186,1034,74731,
2020-05-10,76,141,138,131,136,87,83,177,969,75700,
2020-05-11,101,184,177,163,187,105,82,231,1230,76930,
2020-05-12,100,174,129,139,160,99,91,195,1087,78017,
2020-05-13,78,140,160,137,173,108,77,221,1094,79111,
2020-05-14,111,153,147,151,147,117,78,253,1157,80268,
2020-05-15,96,184,184,184,171,134,82,237,1272,81540,
2020-05-16,83,144,137,151,182,102,63,134,996,82536,
2020-05-17,82,145,144,151,132,80,59,128,921,83457,
2020-05-18,110,163,160,154,144,86,80,182,1079,84536,
2020-05-19,87,150,125,143,147,75,62,152,941,85477,
2020-05-20,108,181,127,167,144,98,69,202,1096,86573,
2020-05-21,90,159,116,137,115,75,47,132,871,87444,
2020-05-22,87,135,131,135,130,71,57,98,844,88288,
2020-05-23,83,130,90,119,111,66,29,76,704,88992,
2020-05-24,70,101,83,110,104,61,36,80,645,89637,
2020-05-25,90,144,125,117,122,79,50,101,828,90465,
2020-05-26,68,116,122,111,84,70,54,96,721,91186,
2020-05-27,64,114,104,105,104,62,47,113,713,91899,
2020-05-28,53,90,84,82,92,50,42,86,579,92478,
2020-05-29,58,111,112,125,90,67,44,88,695,93173,
2020-05-30,56,109,103,99,71,47,26,48,559,93732,
2020-05-31,60,100,82,57,63,24,23,26,435,94167,
2020-06-01,62,122,117,83,94,50,41,92,661,94828,
2020-06-02,52,95,92,67,75,46,20,50,497,95325,
2020-06-03,79,100,85,62,49,46,20,43,484,95809,
2020-06-04,66,93,63,60,54,42,27,46,451,96260,
2020-06-05,55,100,49,80,66,39,28,27,444,96704,
2020-06-06,44,77,63,47,46,40,22,32,371,97075,
2020-06-07,50,66,57,42,35,21,22,27,320,97395,
2020-06-08,59,78,67,61,53,30,26,30,404,97799,
2020-06-09,45,88,65,42,40,36,30,26,372,98171,
2020-06-10,47,88,73,69,60,37,21,38,433,98604,
2020-06-11,50,68,54,51,55,29,25,29,361,98965,
2020-06-12,54,76,61,52,63,24,26,18,374,99339,
2020-06-13,37,68,48,30,29,17,12,27,268,99607,
2020-06-14,33,82,47,43,38,28,15,17,303,99910,
2020-06-15,57,79,56,53,57,38,20,25,385,100295,
2020-06-16,46,77,59,58,36,35,18,22,351,100646,
2020-06-17,42,84,53,43,43,34,16,27,342,100988,
2020-06-18,29,79,50,45,36,28,15,21,303,101291,
2020-06-19,46,75,58,42,52,25,14,19,331,101622,
2020-06-20,38,61,50,44,39,24,11,17,284,101906,
2020-06-21,30,62,59,35,29,23,15,20,273,102179,
2020-06-22,41,69,59,43,58,27,18,17,332,102511,
2020-06-23,46,67,61,50,45,20,15,14,318,102829,
2020-06-24,41,64,46,36,40,18,15,20,280,103109,
2020-06-25,39,119,68,61,39,24,18,21,389,103498,
2020-06-26,47,61,47,25,31,25,8,17,261,103759,
2020-06-27,41,57,53,29,39,21,13,16,269,104028,
2020-06-28,37,70,55,39,28,18,12,11,270,104298,
2020-06-29,56,58,59,42,38,29,13,22,317,104615,
2020-06-30,43,63,50,47,35,19,19,14,290,104905,
2020-07-01,45,52,39,50,37,27,7,19,276,105181,
2020-07-02,38,46,36,45,31,31,9,15,251,105432,
2020-07-03,39,73,45,28,44,28,11,14,282,105714,
2020-07-04,56,63,35,38,30,37,13,13,285,105999,
2020-07-05,58,60,39,32,34,23,12,8,266,106265,
2020-07-06,63,128,98,54,42,34,29,25,473,106738,
2020-07-07,69,112,70,55,43,37,14,23,423,107161,
2020-07-08,67,106,76,50,51,42,15,19,426,107587,
2020-07-09,64,100,72,58,54,24,13,17,402,107989,
2020-07-10,68,67,59,56,65,36,18,16,385,108374,
2020-07-11,52,117,63,34,32,33,15,17,363,108737,
2020-07-12,31,149,75,38,39,25,11,13,381,109118,
2020-07-13,71,183,108,63,77,50,21,27,600,109718,
2020-07-14,63,176,94,75,54,39,15,11,527,110245,
2020-07-15,56,167,103,83,67,35,13,23,547,110792,
2020-07-16,58,145,65,59,49,24,16,26,442,111234,
2020-07-17,67,127,96,61,62,33,12,18,476,111710,
2020-07-18,61,117,62,48,55,28,13,14,398,112108,
2020-07-19,59,104,46,52,44,32,18,16,371,112479,
2020-07-20,80,137,86,74,63,31,25,20,516,112995,
2020-07-21,86,147,77,60,41,31,12,22,476,113471,
2020-07-22,85,129,73,38,46,27,15,19,432,113903,
2020-07-23,84,89,61,49,47,31,21,15,397,114300,
2020-07-24,80,83,67,55,49,34,21,9,398,114698,
2020-07-25,48,72,55,37,38,25,13,4,292,114990,
2020-07-26,70,66,65,36,36,19,10,5,307,115297,
2020-07-27,81,136,72,49,44,30,17,14,443,115740,
2020-07-28,66,87,62,48,39,25,10,18,355,116095,
2020-07-29,72,89,79,57,34,17,11,8,367,116462,
2020-07-30,44,85,57,35,42,22,5,8,298,116760,
2020-07-31,51,64,59,48,30,23,15,9,299,117059,
2020-08-01,54,95,47,41,30,17,11,8,303,117362,
2020-08-02,55,70,51,37,32,23,8,7,283,117645,
2020-08-03,68,98,78,44,49,24,11,5,377,118022,
2020-08-04,58,109,66,49,56,24,11,11,384,118406,
2020-08-05,58,89,71,59,36,24,13,2,352,118758,
2020-08-06,43,88,59,43,43,20,12,14,322,119080,
2020-08-07,60,91,77,50,32,18,13,8,349,119429,
2020-08-08,52,69,67,43,42,16,12,7,308,119737,
2020-08-09,41,93,65,40,25,22,12,3,301,120038,
2020-08-10,63,101,86,47,37,29,20,10,393,120431,
2020-08-11,61,114,72,35,44,35,23,7,391,120822,
2020-08-12,61,92,64,48,45,28,16,6,360,121182,
2020-08-13,84,95,59,46,33,14,12,7,350,121532,
2020-08-14,38,88,63,57,38,18,9,10,321,121853,
2020-08-15,57,78,64,49,34,25,20,6,333,122186,
2020-08-16,42,87,71,54,47,25,12,15,353,122539,
2020-08-17,70,146,84,73,48,31,17,7,476,123015,
2020-08-18,67,108,72,52,39,19,16,7,380,123395,
2020-08-19,84,91,67,50,41,22,27,14,396,123791,
2020-08-20,75,85,78,51,50,21,25,10,395,124186,
2020-08-21,60,91,77,59,28,41,16,9,381,124567,
2020-08-22,65,103,58,63,40,30,9,11,379,124946,
2020-08-23,58,84,68,65,42,28,10,16,371,125317,
2020-08-24,105,121,84,68,67,40,23,13,521,125838,
2020-08-25,93,139,100,77,55,45,24,16,549,126387,
2020-08-26,94,123,92,88,58,37,16,12,520,126907,
2020-08-27,58,88,82,81,55,23,22,16,425,127332,
2020-08-28,106,115,74,81,43,49,29,13,510,127842,
2020-08-29,60,92,79,52,58,36,15,9,401,128243,
2020-08-30,76,114,111,61,51,41,29,4,487,128730,
2020-08-31,111,146,96,81,74,39,19,14,580,129310,
2020-09-01,120,176,124,88,71,44,25,21,669,129979,
2020-09-02,102,167,130,80,75,43,22,17,636,130615,
2020-09-03,117,152,97,81,53,34,23,11,568,131183,
2020-09-04,125,162,121,94,52,47,32,12,645,131828,
2020-09-05,123,152,98,74,53,36,25,19,580,132408,
2020-09-06,110,180,107,84,67,35,12,14,609,133017,
2020-09-07,121,226,118,111,79,48,17,13,733,133750,
2020-09-08,148,243,139,100,109,64,37,18,858,134608,
2020-09-09,159,246,147,130,81,60,23,14,860,135468,
2020-09-10,147,250,137,118,80,57,27,16,832,136300,
2020-09-11,148,224,154,112,91,59,29,20,837,137137,
2020-09-12,163,256,150,109,99,66,30,30,903,138040,
2020-09-13,140,238,151,109,90,61,20,15,824,138864,
2020-09-14,206,306,208,146,117,65,37,9,1094,139958,
2020-09-15,200,378,186,150,106,71,29,26,1146,141104,
2020-09-16,202,339,166,143,126,68,38,37,1119,142223,
2020-09-17,235,263,175,136,124,61,43,24,1061,143284,
2020-09-18,239,277,176,158,134,58,30,28,1100,144384,
2020-09-19,201,252,183,158,102,63,37,24,1020,145404,
2020-09-20,181,256,182,126,121,73,41,27,1007,146411,
2020-09-21,240,336,230,172,158,93,32,40,1301,147712,
2020-09-22,204,312,252,152,133,83,44,30,1210,148922,
2020-09-23,190,290,212,162,131,85,34,38,1142,150064,
2020-09-24,180,271,218,165,131,67,32,45,1109,151173,
2020-09-25,205,282,178,139,151,74,39,39,1107,152280,
2020-09-26,167,231,143,132,105,54,25,20,877,153157,
2020-09-27,145,213,163,131,95,58,27,32,864,154021,
2020-09-28,163,249,198,166,122,69,31,51,1049,155070,
2020-09-29,156,264,191,133,116,59,37,38,994,156064,
2020-09-30,150,254,167,138,106,70,19,27,931,156995,
2020-10-01,156,194,149,121,120,68,22,27,857,157852,
2020-10-02,129,174,140,124,102,65,33,47,814,158666,
2020-10-03,108,175,131,95,99,71,16,24,719,159385,
2020-10-04,97,141,101,91,71,48,25,16,590,159975,
2020-10-05,89,152,152,78,105,57,32,28,693,160668,
2020-10-06,101,157,123,92,88,53,27,51,692,161360,
2020-10-07,99,132,100,74,82,41,18,27,573,161933,
2020-10-08,71,106,83,53,81,49,19,12,474,162407,
2020-10-09,81,108,78,73,75,30,24,27,496,162903,
2020-10-10,67,55,51,47,52,24,15,18,329,163232,
2020-10-11,51,62,38,42,41,29,13,6,282,163514,
2020-10-12,12,15,13,14,17,7,0,6,84,163598,
2020-10-13,0,0,1,0,0,0,0,0,1,163599,
2020-10-14,0,0,0,0,0,0,0,0,0,163599,